city,date,forecasttime,js,njd,speed,tqxx,wd,windd,xdsd,yl
shangrao,20160930,17:00,0,10,1.2,2,25.9,西北风,85.5,81.3
shangrao,20160930,20:00,0,10,1.2,2,23.7,西北风,90.6,80
shangrao,20160930,23:00,0,5,0.9,2,23.4,东北风,92.3,80
shangrao,20160930,02:00,0,1,1.4,2,22.7,东南风,94.7,80
shangrao,20160930,05:00,0,5,1,2,22.2,东南风,96,80
shangrao,20160930,08:00,0,5,1.4,2,23.7,东南风,92.6,88.4
shangrao,20160930,11:00,0,5,1.4,2,25,西南风,77.7,82.9
shangrao,20160930,14:00,0,10,0.4,2,26.8,西南风,81.8,82
guangfeng,20160930,17:00,0,-999,0.9,2,26,西北风,80.8,80
guangfeng,20160930,20:00,0,10,1,2,23.5,西北风,83.5,80
guangfeng,20160930,23:00,0,-999,0.8,2,23.4,东北风,87,80
guangfeng,20160930,02:00,0,-999,1.6,2,22.6,东南风,91.2,80
guangfeng,20160930,05:00,0,-999,1.2,2,22.2,东南风,93.6,80
guangfeng,20160930,08:00,0,5,1.6,2,24.1,东南风,86.8,85
guangfeng,20160930,11:00,0,-999,1.4,2,25.3,东南风,65.4,80
guangfeng,20160930,14:00,0,10,0.4,2,26.8,西南风,72,80
yushan,20160930,17:00,0,10,1.1,2,26.4,西北风,82.6,80
yushan,20160930,20:00,0,5,1.2,2,23.8,东北风,89.5,80
yushan,20160930,23:00,0,5,1.2,2,23.1,东北风,91.4,80
yushan,20160930,02:00,0,10,1.7,2,22.5,东南风,95.4,80
yushan,20160930,05:00,0,1,1,2,22.2,东南风,96.8,80
yushan,20160930,08:00,0,1,1.5,2,23,东南风,93.2,88.3
yushan,20160930,11:00,0,5,1.2,2,24.4,东南风,74.1,80
yushan,20160930,14:00,0,10,0.4,2,26.6,西南风,80.5,82
yiyang,20160930,17:00,0,-999,1.6,2,26.6,西北风,80.7,85.1
yiyang,20160930,20:00,0,5,1.6,2,26,西北风,88,88.6
yiyang,20160930,23:00,0,-999,1.3,2,24.2,东北风,94.2,80
yiyang,20160930,02:00,0,-999,0.7,2,22.6,东北风,97.2,80
yiyang,20160930,05:00,0,-999,0.2,2,22.2,西南风,97.3,80
yiyang,20160930,08:00,0,5,0.5,2,22.6,东南风,96.3,94.7
yiyang,20160930,11:00,0,-999,1.3,2,24.3,西南风,81.4,93.5
yiyang,20160930,14:00,0,10,0.8,2,26.8,西北风,83.9,91.4
hengfeng,20160930,17:00,0,-999,1.5,2,25.8,西北风,84.1,84
hengfeng,20160930,20:00,0,5,1.5,2,24.4,西北风,91.7,84.8
hengfeng,20160930,23:00,0,-999,1.2,2,23.4,东北风,92.4,80
hengfeng,20160930,02:00,0,-999,0.9,2,22.7,东北风,95.3,80
hengfeng,20160930,05:00,0,-999,0.4,2,22.2,东南风,93.6,80
hengfeng,20160930,08:00,0,5,0.8,2,22.9,东南风,80.7,92.9
hengfeng,20160930,11:00,0,-999,1.3,2,24.7,西南风,77.1,90.6
hengfeng,20160930,14:00,0,10,0.7,2,26.8,西南风,81,88.5
guixi,20160930,17:00,2.4,1,1.7,3,26,西北风,86.3,87.9
guixi,20160930,20:00,2.1,1,1.7,3,25.2,东北风,91.2,92.8
guixi,20160930,23:00,0,5,1.4,2,22.8,东北风,95.8,82
guixi,20160930,02:00,0,0.5,0.7,1,21.9,东北风,97.7,56.8
guixi,20160930,05:00,0,0.5,0.4,1,20.5,西北风,99.5,75.6
guixi,20160930,08:00,0.1,1,0.1,3,20.2,东南风,99.3,97
guixi,20160930,11:00,0.3,10,1.3,3,25.8,西南风,86.9,96.4
guixi,20160930,14:00,0.3,10,1,3,27.8,西北风,88.8,94.5
yingtan,20160930,17:00,0.8,-999,1.8,3,25.9,东北风,78.2,90
yingtan,20160930,20:00,0.7,1,1.9,3,24.9,东北风,87.8,95.6
yingtan,20160930,23:00,0,-999,1.7,2,23.3,东北风,92.4,87.4
yingtan,20160930,02:00,0,-999,0.9,1,22.4,东北风,94.7,65.3
yingtan,20160930,05:00,0,-999,0.6,2,21.1,西北风,97.1,85.5
yingtan,20160930,08:00,0.1,1,0.3,3,20.2,西北风,98.1,99.2
yingtan,20160930,11:00,0.3,-999,1.3,3,25,西南风,87.5,99
yingtan,20160930,14:00,0.3,5,1.1,3,27.8,西北风,89.6,98.2
leping,20160930,17:00,0.3,10,2.1,3,24.5,西北风,80.1,73
leping,20160930,20:00,0.4,5,2.1,3,22.7,东北风,93.1,90.8
leping,20160930,23:00,0.7,1,2,3,22,东北风,95.2,89.7
leping,20160930,02:00,0.3,5,1.4,3,21.6,东北风,96,78
leping,20160930,05:00,0.3,1,1.2,3,21.2,东北风,94.9,87.9
leping,20160930,08:00,0.7,10,0.5,3,21.5,东北风,83.5,97.4
leping,20160930,11:00,2.1,10,1.1,3,25.2,西南风,89.6,99.2
leping,20160930,14:00,2.9,10,1.1,3,26.8,西北风,91,98.7
shanggao,20160930,17:00,2,-999,0.4,7,19.8,东北风,80.5,97.7
shanggao,20160930,20:00,4.4,5,0.7,8,19.3,西北风,89,96.6
shanggao,20160930,23:00,0.8,-999,1.4,7,18.6,东北风,93,99
shanggao,20160930,02:00,0.8,-999,1.1,7,18,东北风,94.3,100
shanggao,20160930,05:00,1,-999,0.8,7,17.6,西北风,94.9,100
shanggao,20160930,08:00,0.2,5,0.6,7,17.2,东北风,94.8,99.3
shanggao,20160930,11:00,0,-999,0.4,2,20.2,东北风,81.1,99.2
shanggao,20160930,14:00,0,5,0.6,2,23.8,东北风,82.7,100
dexing,20160930,17:00,0,10,1.8,2,24.6,西北风,78.3,80
dexing,20160930,20:00,0,10,2,2,23.1,东北风,93.8,81.9
dexing,20160930,23:00,0,10,1.9,2,22.1,东北风,96.8,80
dexing,20160930,02:00,0,5,1.5,2,21.6,东北风,98.5,80
dexing,20160930,05:00,0,5,0.8,2,21.2,东北风,98.1,80
dexing,20160930,08:00,0,10,0.7,2,22.6,东南风,96.2,96
dexing,20160930,11:00,0,10,1.1,2,25.1,西南风,86.7,95
dexing,20160930,14:00,0,10,0.9,2,26.8,西南风,88.9,96.3
shangraoxian,20160930,17:00,0,-999,1.3,2,27.3,西北风,83.8,81.7
shangraoxian,20160930,20:00,0,10,1.3,2,24.4,西北风,89.5,80
shangraoxian,20160930,23:00,0,-999,1,2,23.8,东北风,92.2,80
shangraoxian,20160930,02:00,0,-999,1.4,2,23.1,东南风,94.7,80
shangraoxian,20160930,05:00,0,-999,0.8,2,22.2,东南风,94.3,80
shangraoxian,20160930,08:00,0,5,1.3,2,23.5,东南风,91,89.3
shangraoxian,20160930,11:00,0,-999,1.4,2,24.3,西南风,71.2,84.5
shangraoxian,20160930,14:00,0,10,0.5,2,26.8,西南风,75.3,83.5
tonggu,20160930,17:00,2.3,1,0.7,7,18.3,东北风,88.5,97
tonggu,20160930,20:00,3.9,5,0.6,8,17.4,西北风,97.8,100
tonggu,20160930,23:00,1.1,5,1.1,7,16.7,东北风,98,100
tonggu,20160930,02:00,2,5,0.8,7,16.9,东北风,97.6,100
tonggu,20160930,05:00,1.7,1,0.7,7,17.1,西北风,97.3,99.8
tonggu,20160930,08:00,0.4,1,0.7,7,19.3,东北风,88.1,99.4
tonggu,20160930,11:00,0.1,1,0.2,7,20.6,东北风,79.2,98.5
tonggu,20160930,14:00,0.6,1,0.5,7,22.8,西北风,81.3,94.6
quannan,20160930,17:00,1.8,10,1.7,3,21.3,西北风,84.2,89
quannan,20160930,20:00,0.6,5,1.9,3,19.9,西北风,89.9,99.8
quannan,20160930,23:00,0.1,1,1.6,3,19.2,东北风,91.9,90.7
quannan,20160930,02:00,0.7,1,1.2,3,18.2,西北风,96.8,100
quannan,20160930,05:00,2.5,1,1.1,3,18.3,东北风,96.3,99.5
quannan,20160930,08:00,2.3,1,0.8,3,19.1,东北风,81.2,99.9
quannan,20160930,11:00,2,5,1.4,3,22.2,东南风,75.7,100
quannan,20160930,14:00,4,10,0.8,3,23.8,东南风,79.9,99
longnan,20160930,17:00,0.4,10,1.5,3,21.5,西北风,82.7,88.8
longnan,20160930,20:00,0.3,10,1.8,3,20.1,东北风,85.8,94.3
longnan,20160930,23:00,0.4,5,1.4,3,19.1,东北风,89.3,84.5
longnan,20160930,02:00,0.6,5,1,3,18.3,东北风,94.9,98.7
longnan,20160930,05:00,2.6,5,1,3,18.2,东北风,94.7,99.8
longnan,20160930,08:00,2.7,5,0.8,3,19.1,东北风,92.1,99.9
longnan,20160930,11:00,2.2,10,1.6,3,21.9,东南风,78.1,98.3
longnan,20160930,14:00,4.2,5,1.1,3,23.8,东南风,82.1,98.2
dingnan,20160930,17:00,1,-999,0.8,3,21.6,西北风,80.9,89.4
dingnan,20160930,20:00,0.7,10,1.4,3,20.6,东北风,84.3,94
dingnan,20160930,23:00,1.6,-999,1,3,19.8,东北风,87.8,88.6
dingnan,20160930,02:00,1.2,-999,0.6,3,19.7,东北风,92.1,96
dingnan,20160930,05:00,2.8,-999,0.9,3,19.2,东北风,93.7,99.9
dingnan,20160930,08:00,2.8,5,1,3,19.7,东北风,92.7,99.8
dingnan,20160930,11:00,2.2,-999,2.1,3,22,东南风,86.8,95.1
dingnan,20160930,14:00,4.3,10,1.9,3,23.8,东南风,90.3,97.9
qianshan,20160930,17:00,0,1,1.4,2,25.5,西北风,87.4,84.6
qianshan,20160930,20:00,0,5,1.4,2,24.3,西北风,93.3,82.9
qianshan,20160930,23:00,0,10,0.9,2,23.6,东北风,95.4,80
qianshan,20160930,02:00,0,1,0.9,2,23.2,东南风,97.2,80
qianshan,20160930,05:00,0,1,0.7,2,22.2,西南风,99.5,80
qianshan,20160930,08:00,0,5,1,2,23.7,东南风,97.7,90.9
qianshan,20160930,11:00,0,5,1.3,2,24.2,西南风,71.8,87.7
qianshan,20160930,14:00,0,10,0.6,2,26.8,西南风,76.4,85.1
jishui,20160930,17:00,0.4,-999,1.2,3,20.6,西北风,80.2,93.9
jishui,20160930,20:00,1,5,1,3,19.4,西北风,91.7,97.7
jishui,20160930,23:00,0,-999,0.8,2,18.8,西北风,93.3,100
jishui,20160930,02:00,0,-999,1,2,17.2,西北风,97.8,98.8
jishui,20160930,05:00,0,-999,0.9,2,17.4,西北风,97.7,99.5
jishui,20160930,08:00,0,1,0.5,2,17.4,东北风,96.3,98.1
jishui,20160930,11:00,0,-999,0.1,2,21.4,西北风,77.6,94
jishui,20160930,14:00,0,10,0.6,2,23.8,东南风,80,99.2
lean,20160930,17:00,0.5,-999,1.3,7,21,西北风,79.3,87.6
lean,20160930,20:00,0.1,1,1.7,7,20.1,东北风,83.1,90.3
lean,20160930,23:00,0,-999,1.4,2,20.1,东北风,90,99.4
lean,20160930,02:00,0,-999,1,2,18.8,西北风,94.6,97.4
lean,20160930,05:00,0,-999,0.8,2,18.2,西北风,95.5,99
lean,20160930,08:00,0,5,0.5,2,18.2,东北风,95.4,95.5
lean,20160930,11:00,0.2,-999,0.2,7,21.5,西北风,87.7,88.1
lean,20160930,14:00,0.4,5,0.1,7,22.8,西南风,90.2,99.8
yongfeng,20160930,17:00,0.4,10,1.1,3,20,西北风,80,90.9
yongfeng,20160930,20:00,0.7,1,1,3,18.6,西北风,85.7,95
yongfeng,20160930,23:00,0,1,1,2,18.3,西北风,92.8,100
yongfeng,20160930,02:00,0,5,0.9,2,17.2,西北风,96.5,98.6
yongfeng,20160930,05:00,0,1,0.9,2,17.3,西北风,96,99.4
yongfeng,20160930,08:00,0,1,0.5,2,17.4,东北风,81.9,96.9
yongfeng,20160930,11:00,0,10,0.1,2,21.9,西北风,81.5,91.1
yongfeng,20160930,14:00,0,10,0.4,2,23.8,东南风,84.1,99.9
xiajiang,20160930,17:00,0.5,-999,0.7,3,19.5,西北风,79.4,96.5
xiajiang,20160930,20:00,1.1,10,0.9,3,18.2,西北风,91.7,97.5
xiajiang,20160930,23:00,0,-999,0.9,2,18.1,东北风,93.3,100
xiajiang,20160930,02:00,0,-999,1,2,17.2,西北风,98,100
xiajiang,20160930,05:00,0,-999,0.9,2,17.5,西北风,96.3,100
xiajiang,20160930,08:00,0,10,0.6,2,17.9,东北风,83.3,98.4
xiajiang,20160930,11:00,0,-999,0.2,2,21.1,东北风,81,96.2
xiajiang,20160930,14:00,0,10,0.4,2,22.8,东南风,83.1,100
xingan,20160930,17:00,0.4,5,0.7,3,20.8,西北风,78.7,96.4
xingan,20160930,20:00,0.7,10,1.2,3,19.7,东北风,93.1,94.8
xingan,20160930,23:00,0,1,1.3,2,19,东北风,93.7,100
xingan,20160930,02:00,0,1,1.2,2,18.2,西北风,98,100
xingan,20160930,05:00,0,1,0.9,2,18.3,西北风,97.2,100
xingan,20160930,08:00,0,5,0.7,2,18.4,东北风,83,97.9
xingan,20160930,11:00,0,5,0.3,2,20.8,东北风,84,96.2
xingan,20160930,14:00,0,10,0.4,2,23.8,东北风,86.1,100
shicheng,20160930,17:00,1.5,-999,1.2,3,21.1,西北风,89.3,91.9
shicheng,20160930,20:00,2.2,10,0.7,3,20,东北风,95.7,99
shicheng,20160930,23:00,2.6,-999,0.5,3,19.2,东南风,98,95
shicheng,20160930,02:00,1.7,-999,0.5,3,18.8,东南风,97.9,98.9
shicheng,20160930,05:00,1.6,-999,0.7,3,18.2,东南风,97.9,93.7
shicheng,20160930,08:00,0.6,1,0.9,3,18.2,东南风,82.8,96.9
shicheng,20160930,11:00,1.8,-999,0.8,3,22.4,东南风,81.1,94.6
shicheng,20160930,14:00,4.4,10,0.5,3,23.8,西南风,84.5,98.8
guangchang,20160930,17:00,1.7,5,1.4,7,23,西北风,83.5,86
guangchang,20160930,20:00,1.2,5,1.2,7,22.4,东北风,87.4,94.2
guangchang,20160930,23:00,0,5,0.8,2,21.5,东北风,90.3,87.1
guangchang,20160930,02:00,0,5,0.4,2,20.8,东南风,91.4,97.8
guangchang,20160930,05:00,0,5,0.3,2,20.1,东南风,93.9,97.1
guangchang,20160930,08:00,0,5,0.7,2,19.2,东南风,97.2,96.7
guangchang,20160930,11:00,0.9,5,0.6,7,23.3,西南风,76.9,90.1
guangchang,20160930,14:00,4.5,10,0.5,8,24.8,西南风,81.1,97.6
chongren,20160930,17:00,0.6,-999,1.5,7,21.8,东北风,81.5,93.9
chongren,20160930,20:00,0.1,5,2.2,7,20.6,东北风,87.1,91.3
chongren,20160930,23:00,0,-999,1.7,2,20.1,东北风,94.1,94.5
chongren,20160930,02:00,0,-999,1.2,2,18.7,东北风,98,96.4
chongren,20160930,05:00,0,-999,0.9,2,18.6,西北风,96.9,99.4
chongren,20160930,08:00,0,1,0.6,2,18.2,东北风,83.9,97.6
chongren,20160930,11:00,0.1,-999,0.4,7,21.3,西北风,90.1,95.2
chongren,20160930,14:00,0.1,5,0.4,7,22.8,西北风,91.9,99.8
jinxi,20160930,17:00,1.2,-999,1.8,7,21.3,东北风,84.1,95.5
jinxi,20160930,20:00,0.7,5,2,7,20.7,东北风,88.2,95.3
jinxi,20160930,23:00,0,-999,1.6,2,20,东北风,90.9,83.7
jinxi,20160930,02:00,0,-999,0.8,1,19,东北风,95.3,76.9
jinxi,20160930,05:00,0,-999,0.4,2,18.8,西北风,95.4,92.9
jinxi,20160930,08:00,0.1,1,0.3,7,18.2,东北风,96.4,100
jinxi,20160930,11:00,0.2,-999,1,7,21.2,西南风,91.2,99.6
jinxi,20160930,14:00,0.3,1,0.9,7,22.8,西北风,92.7,98.7
zixi,20160930,17:00,1.9,-999,1.6,7,23.6,东北风,88.8,94.7
zixi,20160930,20:00,1.1,1,1.6,7,21.7,东北风,95.7,94.4
zixi,20160930,23:00,0,-999,1.2,1,20.9,东北风,97.5,70.9
zixi,20160930,02:00,0,-999,0.2,1,19.7,东北风,99.5,70.6
zixi,20160930,05:00,0,-999,0.4,2,19.6,西南风,98.4,88.4
zixi,20160930,08:00,0.1,0.2,0.3,7,18.2,东南风,86.2,99.1
zixi,20160930,11:00,0.2,-999,1,7,22.9,西南风,89.5,97.8
zixi,20160930,14:00,0.3,10,0.9,7,23.8,西北风,91,95.3
yihuang,20160930,17:00,1,-999,1.5,7,21,东北风,84.4,91.9
yihuang,20160930,20:00,0.3,5,2,7,20.2,东北风,88,92.8
yihuang,20160930,23:00,0,-999,1.5,2,20,东北风,93.8,90.5
yihuang,20160930,02:00,0.1,-999,0.8,7,18.8,东北风,98,94.6
yihuang,20160930,05:00,0.1,-999,0.5,7,18.8,西北风,98.8,99
yihuang,20160930,08:00,0.1,1,0.4,7,18.2,东北风,99.6,97.8
yihuang,20160930,11:00,0.2,-999,0.4,7,21.8,西南风,90,93.8
yihuang,20160930,14:00,0.4,1,0.4,7,22.8,西北风,91.6,99.2
nancheng,20160930,17:00,1.7,1,1.6,7,22.5,东北风,81.2,94.5
nancheng,20160930,20:00,0.8,5,1.9,7,21.8,东北风,85.2,95.1
nancheng,20160930,23:00,0,1,1.4,1,21.2,东北风,86.7,79.9
nancheng,20160930,02:00,0.1,1,0.4,7,20.2,东北风,91.3,86.9
nancheng,20160930,05:00,0.1,1,0.1,7,20,西北风,91.7,96.6
nancheng,20160930,08:00,0.1,1,0.3,7,19.2,东北风,94.8,99.5
nancheng,20160930,11:00,0.2,5,0.7,7,22.3,西南风,82.2,97.6
nancheng,20160930,14:00,0.4,10,0.7,7,23.8,西北风,85,97.7
nanfeng,20160930,17:00,0.1,1,1.5,7,22.9,西北风,82.1,90.4
nanfeng,20160930,20:00,0.1,5,1.6,7,22.3,东北风,87.7,94.4
nanfeng,20160930,23:00,0,1,1.2,2,21.8,东北风,89.3,80
nanfeng,20160930,02:00,0,1,0.4,2,20.6,东南风,94.9,94.5
nanfeng,20160930,05:00,0,5,0.3,2,19.9,东南风,97.1,98.4
nanfeng,20160930,08:00,0,1,0.6,2,19.2,东南风,97.4,98.4
nanfeng,20160930,11:00,0.2,10,0.5,7,22.7,西南风,84.8,94
nanfeng,20160930,14:00,0.5,10,0.5,7,23.8,西北风,88,96.9
lichuan,20160930,17:00,0.4,-999,1.4,7,22.8,东北风,85.4,95
lichuan,20160930,20:00,0.2,5,1.5,7,21.9,东北风,86.9,95.8
lichuan,20160930,23:00,0,-999,1.1,1,21.2,东北风,90.4,66
lichuan,20160930,02:00,0,-999,0.7,2,20,东南风,94,87.8
lichuan,20160930,05:00,0,-999,0.7,2,19.7,东南风,94.3,96.6
lichuan,20160930,08:00,0.1,5,0.6,7,19.2,东南风,94.8,99.9
lichuan,20160930,11:00,0.2,-999,0.7,7,22.9,西南风,76.6,98.7
lichuan,20160930,14:00,0.4,10,0.6,7,24.8,西北风,81.3,94.9
xiushui,20160930,17:00,2.1,5,1.5,7,19.6,东北风,84.3,91
xiushui,20160930,20:00,1.8,5,1.2,7,19.4,东北风,92.2,98
xiushui,20160930,23:00,0,5,1.4,2,18.6,东北风,94.6,100
xiushui,20160930,02:00,0.1,1,1.2,7,18.8,东北风,95.4,100
xiushui,20160930,05:00,0.1,5,0.9,7,19.2,东北风,95.7,100
xiushui,20160930,08:00,0,1,1,2,20.2,东北风,98,98.7
xiushui,20160930,11:00,2.3,5,0.4,3,20.6,东北风,75.6,96.6
xiushui,20160930,14:00,2.3,5,0.8,3,24.8,西北风,77.3,99.5
xingguo,20160930,17:00,0.7,-999,1.7,3,21.5,西北风,82.5,92.6
xingguo,20160930,20:00,1.8,5,1.2,3,21,西北风,91.2,93.6
xingguo,20160930,23:00,0.2,-999,0.7,3,20.2,西北风,95.7,92.2
xingguo,20160930,02:00,0.1,-999,0.8,3,19.9,西北风,98.8,95.9
xingguo,20160930,05:00,0.1,-999,0.5,3,19.3,西北风,98.7,93.3
xingguo,20160930,08:00,0,5,0.4,2,19.4,东北风,80.6,95.9
xingguo,20160930,11:00,0.1,-999,0.3,3,21.5,西南风,81.5,91.3
xingguo,20160930,14:00,0.2,10,0.4,3,24.8,西南风,84.3,99.1
ningdu,20160930,17:00,3.2,10,1.5,3,21.2,西北风,86.2,87.6
ningdu,20160930,20:00,6.1,10,1,3,20.8,东北风,94.7,95.6
ningdu,20160930,23:00,2.9,5,0.4,3,20.3,东北风,96.4,98.6
ningdu,20160930,02:00,2.1,10,0.1,3,20,西南风,97.3,95.9
ningdu,20160930,05:00,1.7,5,0.2,3,19.8,东南风,98.2,91.6
ningdu,20160930,08:00,0.3,5,0.6,3,19.2,东南风,83.4,94.3
ningdu,20160930,11:00,1.9,10,0.7,3,22,西南风,77.7,88.3
ningdu,20160930,14:00,5,10,0.6,3,23.8,西南风,81.4,99.6
ruijin,20160930,17:00,4,-999,1.1,3,22.3,西北风,80.3,99.1
ruijin,20160930,20:00,9.9,10,0.6,3,21.5,东北风,88.3,100
ruijin,20160930,23:00,4.6,-999,0.5,3,20.2,东南风,90.9,100
ruijin,20160930,02:00,0.8,-999,0.3,3,20.2,西南风,90.2,95.9
ruijin,20160930,05:00,0.7,-999,0.7,3,19.3,东南风,89.3,86.7
ruijin,20160930,08:00,0.3,10,0.7,3,19.7,东南风,88,94.9
ruijin,20160930,11:00,1.4,-999,1,3,22.5,东南风,76.1,95.5
ruijin,20160930,14:00,3.3,10,0.7,3,24.8,西南风,80.4,100
yudu,20160930,17:00,1,-999,1.6,3,21.8,西北风,80.9,96.5
yudu,20160930,20:00,2.6,10,1.2,3,21.2,西北风,84.8,93.6
yudu,20160930,23:00,0.2,-999,0.5,3,20.5,西北风,88.3,86
yudu,20160930,02:00,0,-999,0.6,2,20.3,西北风,88.2,95.4
yudu,20160930,05:00,0,-999,0.4,2,20,东北风,87.3,90.3
yudu,20160930,08:00,0,10,0.4,2,20,东北风,74.6,95.5
yudu,20160930,11:00,0.1,-999,0.3,3,20.6,西南风,79.7,93.3
yudu,20160930,14:00,0.2,-999,0.3,3,24.4,西南风,82,99.2
anyuan,20160930,17:00,2,-999,0.2,3,21.2,西北风,82.2,95.8
anyuan,20160930,20:00,2.1,5,0.9,3,20.6,东北风,86.7,91.5
anyuan,20160930,23:00,3.5,-999,0.6,3,19.9,东南风,89.7,86.5
anyuan,20160930,02:00,0.8,-999,0.3,3,19.6,东南风,92.8,92.2
anyuan,20160930,05:00,1.4,-999,0.8,3,19.2,东北风,93.4,95.9
anyuan,20160930,08:00,2.1,5,0.9,3,19.3,东北风,93.5,98.2
anyuan,20160930,11:00,1.6,-999,1.6,3,21.6,东南风,77.3,91.1
anyuan,20160930,14:00,3.2,10,1.9,3,23.8,东南风,81.4,98
huichang,20160930,17:00,2.2,-999,0.5,3,22.4,西北风,85.8,100
huichang,20160930,20:00,3.7,10,0.6,3,21.1,东北风,91.6,96.5
huichang,20160930,23:00,5.2,-999,0.7,3,20.1,东南风,92.6,95.5
huichang,20160930,02:00,0.7,-999,0.4,3,20,西南风,91.9,92.1
huichang,20160930,05:00,0.3,-999,0.8,3,19.2,东南风,91.7,88.3
huichang,20160930,08:00,0.7,5,0.7,3,19.9,东南风,91.5,95.1
huichang,20160930,11:00,1.2,-999,1.2,3,22.1,东南风,78.8,91.1
huichang,20160930,14:00,3.1,10,1.3,3,24.8,东南风,81.2,99.1
ganzhou,20160930,17:00,0.8,10,1.6,3,21.8,西北风,81.3,96.5
ganzhou,20160930,20:00,1.3,5,1.4,3,21.3,西北风,86.7,88.2
ganzhou,20160930,23:00,1.3,5,0.9,3,20.5,西北风,89.6,72.2
ganzhou,20160930,02:00,0.1,1,0.7,3,20.1,西北风,93.5,96.8
ganzhou,20160930,05:00,0.4,5,0.6,3,19.9,东北风,97.8,95.9
ganzhou,20160930,08:00,1.4,5,0.6,3,19.9,东北风,97.7,98.2
ganzhou,20160930,11:00,1,5,0.5,3,19.4,西北风,79.2,95.6
ganzhou,20160930,14:00,1.5,5,0.2,3,24.8,东北风,82.2,98.6
nankang,20160930,17:00,0.5,-999,1.7,3,21.8,西北风,83.8,94.2
nankang,20160930,20:00,0.3,5,1.5,3,20.9,西北风,86.5,86.8
nankang,20160930,23:00,0,-999,1.3,1,20.5,西北风,91.8,68.9
nankang,20160930,02:00,0,-999,0.9,2,20.2,西北风,93.1,98.3
nankang,20160930,05:00,1,-999,0.8,3,19.6,西北风,96.5,100
nankang,20160930,08:00,2,5,0.7,3,19.7,东北风,98.7,100
nankang,20160930,11:00,1.3,-999,0.3,3,20,西北风,85.6,97.4
nankang,20160930,14:00,1.6,10,0.3,3,24.8,东北风,88.2,98.2
shangyou,20160930,17:00,0.7,-999,1.4,3,21.8,西北风,82.1,95.9
shangyou,20160930,20:00,0.2,10,1.2,3,20.7,西北风,85.8,87
shangyou,20160930,23:00,0,-999,1,1,20.1,西北风,86.3,72
shangyou,20160930,02:00,0,-999,0.7,2,19.8,西北风,87.9,98.5
shangyou,20160930,05:00,0.6,-999,0.7,3,18.8,西北风,89.8,100
shangyou,20160930,08:00,1.6,5,0.7,3,19.3,东北风,90.3,100
shangyou,20160930,11:00,0.9,-999,0.5,3,19.9,西北风,78.7,97.7
shangyou,20160930,14:00,0.9,10,0.4,3,24.8,东北风,81,98.5
chongyi,20160930,17:00,1.2,-999,1.2,3,20.8,西北风,87.8,96.6
chongyi,20160930,20:00,0.3,10,1.1,3,19.9,西北风,89.7,90.3
chongyi,20160930,23:00,0,-999,0.9,2,19.6,西北风,90.6,80.7
chongyi,20160930,02:00,0,-999,0.6,2,19.3,西北风,91.9,99.6
chongyi,20160930,05:00,0.6,-999,0.7,3,18.9,西北风,93.4,100
chongyi,20160930,08:00,1.3,5,0.5,3,18.8,东北风,96.2,100
chongyi,20160930,11:00,0.8,-999,0.2,3,21.1,西北风,85.3,98.7
chongyi,20160930,14:00,0.9,10,0.3,3,24.8,东北风,88.7,99.2
xinfeng,20160930,17:00,0.7,-999,1.4,3,21.8,西北风,85.7,93.3
xinfeng,20160930,20:00,0.8,10,1.5,3,20.9,西北风,88.3,89.8
xinfeng,20160930,23:00,1,-999,1.1,3,20,东北风,90.7,76
xinfeng,20160930,02:00,0.2,-999,0.7,3,20,西北风,92.6,97
xinfeng,20160930,05:00,1.4,-999,0.8,3,19.2,东北风,97,98
xinfeng,20160930,08:00,2.1,5,0.7,3,19.5,东北风,96.3,99.2
xinfeng,20160930,11:00,1.5,-999,0.6,3,21.9,东南风,81,96.3
xinfeng,20160930,14:00,2.8,-999,0.6,3,24.8,东南风,84.7,98.2
dayu,20160930,17:00,1.9,-999,1.4,3,21.8,西北风,85.7,95
dayu,20160930,20:00,0.5,5,1.3,3,20.3,西北风,89.1,93.7
dayu,20160930,23:00,0,-999,1.2,2,19.7,西北风,89.4,84.1
dayu,20160930,02:00,0.1,-999,0.8,3,19,西北风,93.1,100
dayu,20160930,05:00,1.1,-999,0.8,3,18.4,西北风,93,100
dayu,20160930,08:00,1.6,5,0.6,3,18.8,东北风,83.4,100
dayu,20160930,11:00,1.2,-999,0.2,3,22.1,东南风,86.3,99.2
dayu,20160930,14:00,1.7,10,0.2,3,24,东北风,88.4,99.5
fengcheng,20160930,17:00,0.2,-999,1.7,7,20.3,东北风,76.9,94.1
fengcheng,20160930,20:00,0.2,10,2.5,7,19.7,东北风,82.1,84.7
fengcheng,20160930,23:00,0.1,-999,1.9,7,19,东北风,88.8,94.7
fengcheng,20160930,02:00,0.4,-999,1.7,7,18.2,西北风,94.1,98.8
fengcheng,20160930,05:00,1.2,-999,1.3,7,18.5,西北风,93.8,99.6
fengcheng,20160930,08:00,0.3,5,1.1,7,18.7,东北风,91.4,98.3
fengcheng,20160930,11:00,0,-999,0.8,2,20.2,西北风,85.8,98.5
fengcheng,20160930,14:00,0,10,0.8,2,24.8,东北风,87.7,100
nanchang,20160930,17:00,0,5,2.3,2,21,东北风,73.8,80
nanchang,20160930,20:00,0,1,2.7,2,20.2,东北风,80.2,80
nanchang,20160930,23:00,0,1,2,2,20.1,东北风,88.8,91.9
nanchang,20160930,02:00,0.4,5,1.9,3,19.8,西北风,91.7,91.9
nanchang,20160930,05:00,2.7,5,1.6,3,18.2,西北风,91.7,99.5
nanchang,20160930,08:00,0.9,1,1.4,3,21,西北风,87.4,99.2
nanchang,20160930,11:00,0,1,1.1,2,24.3,西北风,78.8,93.8
nanchang,20160930,14:00,0,1,0.9,2,25.8,东北风,81,100
gaoan,20160930,17:00,0.3,-999,1.3,7,21.8,东北风,80.6,89.3
gaoan,20160930,20:00,0.6,10,1.7,7,19.8,东北风,88.2,84.3
gaoan,20160930,23:00,0.4,-999,1.7,7,19.7,东北风,88.4,95.9
gaoan,20160930,02:00,0.8,-999,1.5,7,18.1,东北风,90.5,98.8
gaoan,20160930,05:00,1.3,-999,1.1,7,17.7,西北风,90.1,100
gaoan,20160930,08:00,0.2,10,1,7,17.2,东北风,89.5,98.9
gaoan,20160930,11:00,0,-999,0.7,2,19.3,东北风,76.6,96.7
gaoan,20160930,14:00,0,10,0.7,2,23.8,东北风,78.7,100
fengxin,20160930,17:00,0.7,-999,1.7,7,20.6,东北风,73,80.4
fengxin,20160930,20:00,1.5,5,1.9,7,19,东北风,85.9,77
fengxin,20160930,23:00,0.3,-999,1.8,7,18,东北风,86.7,94.5
fengxin,20160930,02:00,1.1,-999,1.6,7,18,东北风,87.4,95.8
fengxin,20160930,05:00,1.6,-999,1.3,7,17.6,西北风,85.5,100
fengxin,20160930,08:00,0.4,5,1.2,7,17.2,东北风,76.1,99.1
fengxin,20160930,11:00,0,-999,0.9,2,20.3,东北风,75.7,93.7
fengxin,20160930,14:00,0.1,5,0.8,7,22.8,东北风,77.7,100
jian,20160930,17:00,0.5,10,1.4,3,20.1,西北风,81,95.9
jian,20160930,20:00,1.2,10,1.2,3,19.5,西北风,89.2,98.8
jian,20160930,23:00,0,5,0.8,2,18.5,西北风,93.9,100
jian,20160930,02:00,0,5,1,2,17.9,西北风,96.4,98.9
jian,20160930,05:00,0,1,0.9,2,17.7,西北风,97.8,99.5
jian,20160930,08:00,0,5,0.6,2,17.6,东北风,96.4,98.9
jian,20160930,11:00,0,5,0.1,2,20.5,东北风,75,96.1
jian,20160930,14:00,0,5,0.7,2,23.8,东南风,77.5,98.6
anfu,20160930,17:00,0,-999,0.8,2,19.4,西北风,82.2,100
anfu,20160930,20:00,0,5,1.3,2,18.1,西北风,85.9,98.4
anfu,20160930,23:00,0,-999,0.7,2,17.9,西北风,93.2,94.7
anfu,20160930,02:00,0,-999,1,2,17.2,西北风,94.5,99.4
anfu,20160930,05:00,0,-999,0.8,2,17.5,西北风,94.8,99.9
anfu,20160930,08:00,0,1,0.6,2,17.6,西北风,94.4,99.4
anfu,20160930,11:00,0,-999,0.2,2,21.1,东北风,74.4,100
anfu,20160930,14:00,0,10,0.5,2,22.8,东南风,76.7,96.9
yichun,20160930,17:00,1.2,1,0.4,7,17.5,西北风,85.7,100
yichun,20160930,20:00,2.2,1,1.1,7,16.8,西北风,90.9,98
yichun,20160930,23:00,0.8,1,0.6,7,16.8,西北风,97.8,92.9
yichun,20160930,02:00,0.5,5,0.8,7,17.5,西北风,98,99.5
yichun,20160930,05:00,0.2,1,0.7,7,18.8,西北风,97.4,99.8
yichun,20160930,08:00,0,0.2,0.5,2,16.8,西北风,86.3,99.1
yichun,20160930,11:00,0,1,0.1,2,20.4,东北风,75.9,100
yichun,20160930,14:00,0,1,0.2,2,22.8,西南风,78.4,92.6
fenyi,20160930,17:00,0.9,5,0.3,3,18.8,西南风,79.1,100
fenyi,20160930,20:00,2,5,1.1,3,17.9,西北风,90.2,100
fenyi,20160930,23:00,0.9,1,0.7,3,17.4,东北风,91.6,99.7
fenyi,20160930,02:00,0.7,10,0.8,3,16.7,西北风,94.1,99.8
fenyi,20160930,05:00,0.4,1,0.7,3,16.7,西北风,94.1,99.9
fenyi,20160930,08:00,0.1,1,0.5,3,17.8,东北风,92.8,99.7
fenyi,20160930,11:00,0.6,10,0.3,3,20.1,东北风,76.8,100
fenyi,20160930,14:00,0.7,5,0.4,3,23.8,东南风,78.4,98
xinyu,20160930,17:00,0.7,10,0.2,3,17.8,西北风,80.3,99.7
xinyu,20160930,20:00,1.5,5,0.9,3,17.8,西北风,84.7,99.3
xinyu,20160930,23:00,0.9,10,0.9,3,18.2,东北风,93.7,100
xinyu,20160930,02:00,1,5,1,3,18.6,西北风,95.5,100
xinyu,20160930,05:00,0.7,1,0.8,3,18.4,西北风,97.3,100
xinyu,20160930,08:00,0.1,1,0.6,3,18.6,东北风,97.1,99.3
xinyu,20160930,11:00,0.7,1,0.3,3,18.2,东北风,78.6,99.3
xinyu,20160930,14:00,0.9,1,0.5,3,23.8,东南风,81.1,100
wuning,20160930,17:00,0.4,5,2.2,7,20,东北风,79.5,74.1
wuning,20160930,20:00,0,5,1.8,1,19.8,东北风,85.2,77.6
wuning,20160930,23:00,2.3,5,1.5,7,19.6,东北风,93.8,95.4
wuning,20160930,02:00,2.3,5,1.4,7,20.9,东北风,93.8,94.5
wuning,20160930,05:00,2.3,1,1.2,7,20.9,西北风,93.9,100
wuning,20160930,08:00,2.3,1,1.2,7,20.5,东北风,97.5,98.9
wuning,20160930,11:00,2.3,1,0.9,3,19.2,西北风,73.2,90.8
wuning,20160930,14:00,2.3,5,0.9,3,24.8,西北风,75.3,99.2
lushan,20160930,17:00,0,0.2,2.2,1,18.1,东北风,85.9,61.9
lushan,20160930,20:00,0,0.2,2.1,1,16.2,东北风,93.5,53.8
lushan,20160930,23:00,0,0.2,1.8,2,15.7,东北风,94.1,84.9
lushan,20160930,02:00,0,0.2,1.7,2,15.2,西北风,91.4,87.5
lushan,20160930,05:00,1.9,5,1.5,7,15.2,西北风,91.4,99.4
lushan,20160930,08:00,6.6,0.2,1.3,8,15.4,西北风,91.3,99.9
lushan,20160930,11:00,8.5,0.2,1.2,3,20.4,西北风,90.3,89.2
lushan,20160930,14:00,2.8,0.2,0.7,3,20.8,西北风,92,91.7
ruichang,20160930,17:00,0,-999,1.9,1,21.1,东北风,76.5,69.2
ruichang,20160930,20:00,0,1,1.8,1,20,东北风,83.8,61.1
ruichang,20160930,23:00,0,-999,1.5,2,20,东北风,92.9,86.1
ruichang,20160930,02:00,1,-999,1.4,7,19.6,东北风,97,90.2
ruichang,20160930,05:00,3.2,-999,1.3,8,18.2,西北风,94,100
ruichang,20160930,08:00,5.4,1,1,8,19.8,西北风,93.5,99.9
ruichang,20160930,11:00,5.7,-999,1.1,3,21.9,西北风,82.6,90.2
ruichang,20160930,14:00,1,5,0.7,3,23.8,西北风,84.3,89.6
jiujiang,20160930,17:00,0,10,2,1,20.3,东北风,77.9,67.3
jiujiang,20160930,20:00,0,10,1.9,1,19.4,东北风,93.4,56.7
jiujiang,20160930,23:00,0,1,1.7,2,19.2,东北风,95.3,84
jiujiang,20160930,02:00,0,1,1.6,2,18.7,东北风,94.8,89.3
jiujiang,20160930,05:00,2.4,0.5,1.4,7,18.2,西北风,94.3,99.4
jiujiang,20160930,08:00,7.3,1,1.1,8,19.8,西北风,94.6,99.9
jiujiang,20160930,11:00,10.6,1,1.1,3,22.5,西北风,87,91.2
jiujiang,20160930,14:00,3.3,10,0.6,3,23.8,西北风,88.5,88.5
yongxiu,20160930,17:00,0.5,-999,2.6,7,21.6,东北风,82,59.9
yongxiu,20160930,20:00,0,5,2.5,1,20.1,东北风,94.4,54.1
yongxiu,20160930,23:00,0,-999,2,2,19.9,东北风,96.2,88.9
yongxiu,20160930,02:00,1.1,-999,1.9,7,19.1,西北风,96.7,86.7
yongxiu,20160930,05:00,2.2,-999,1.7,7,18.2,西北风,94.4,99.9
yongxiu,20160930,08:00,1.7,1,1.6,7,19.9,西北风,93.8,99.7
yongxiu,20160930,11:00,0.6,-999,1.4,3,23,西北风,77.9,87.4
yongxiu,20160930,14:00,0,5,0.9,2,24.8,东北风,79.7,100
dean,20160930,17:00,0,-999,2.6,1,21.4,东北风,75.4,56.1
dean,20160930,20:00,0,5,2.3,1,20,东北风,88,50.8
dean,20160930,23:00,0,-999,1.8,2,19.6,东北风,90.4,87.3
dean,20160930,02:00,1.5,-999,1.8,7,18.8,西北风,90.6,85.5
dean,20160930,05:00,4,-999,1.6,8,18.2,西北风,88.7,99.9
dean,20160930,08:00,4,5,1.5,8,20.1,西北风,85.7,99.9
dean,20160930,11:00,3.3,-999,1.4,3,23,西北风,75.2,85.7
dean,20160930,14:00,1.6,5,0.8,3,24.8,东北风,77,97.8
wanzai,20160930,17:00,2.1,-999,0.1,7,19.8,西南风,87,100
wanzai,20160930,20:00,5.8,5,0.9,8,18,西北风,96.6,100
wanzai,20160930,23:00,0.8,-999,0.9,7,17.5,东北风,97.6,99.2
wanzai,20160930,02:00,0.4,-999,0.7,7,17.8,西北风,98,100
wanzai,20160930,05:00,0.4,-999,0.6,7,17.8,西北风,97.9,99.8
wanzai,20160930,08:00,0.1,1,0.5,7,18.9,东北风,87.9,99.7
wanzai,20160930,11:00,0,-999,0.2,2,19.9,东南风,80.9,99.7
wanzai,20160930,14:00,0,1,0.2,2,22.8,东北风,82.4,92.9
lianhua,20160930,17:00,1.8,10,0.6,7,16.7,西北风,88.4,100
lianhua,20160930,20:00,1.6,5,0.8,7,16.7,西北风,90.7,82.8
lianhua,20160930,23:00,0.3,5,0.8,7,16.7,西北风,95,59.3
lianhua,20160930,02:00,0.4,1,0.9,7,16.3,西北风,98.1,97.4
lianhua,20160930,05:00,0.1,1,0.6,7,15.3,西北风,99.8,99.9
lianhua,20160930,08:00,0,1,0.5,2,15.6,西北风,98.7,96.1
lianhua,20160930,11:00,0.2,5,0.4,7,17.5,西北风,79.5,99.9
lianhua,20160930,14:00,0.2,10,0.8,7,18.8,西南风,81.8,95.8
pingxiang,20160930,17:00,2.7,5,0.7,7,16.4,西北风,87,100
pingxiang,20160930,20:00,4.7,1,0.9,8,17.3,西北风,97.9,90.4
pingxiang,20160930,23:00,0.3,1,0.8,7,17.1,西北风,98,75.6
pingxiang,20160930,02:00,0.2,1,0.8,7,17.3,西北风,97.6,98.5
pingxiang,20160930,05:00,0.1,1,0.7,7,17.6,西北风,97.1,99.6
pingxiang,20160930,08:00,0,1,0.6,2,17.8,西北风,97.9,97.4
pingxiang,20160930,11:00,0.2,5,0.3,7,17.2,西北风,73,99.4
pingxiang,20160930,14:00,0.3,1,1,7,18.8,西北风,75.7,86.9
fuzhou2,20160930,17:00,0.7,-999,1.8,7,21.8,东北风,78.4,96.5
fuzhou2,20160930,20:00,0.3,5,2.4,7,21.2,东北风,89.1,92.8
fuzhou2,20160930,23:00,0,-999,1.8,2,20.8,东北风,93,91.5
fuzhou2,20160930,02:00,0,-999,1.3,2,19.2,西北风,96.9,88.4
fuzhou2,20160930,05:00,0,-999,0.9,2,18.8,西北风,96.9,97.7
fuzhou2,20160930,08:00,0,5,0.7,2,18.2,东北风,96.9,99.6
fuzhou2,20160930,11:00,0.1,-999,0.7,7,20.6,西北风,88.5,99.8
fuzhou2,20160930,14:00,0.1,5,0.8,7,22.4,西北风,90.1,100
dongxiang,20160930,17:00,0.6,5,2,7,21.8,东北风,79.9,92
dongxiang,20160930,20:00,0.4,10,2.3,7,20,东北风,95,92.1
dongxiang,20160930,23:00,0,10,1.9,2,19.6,东北风,95.5,92
dongxiang,20160930,02:00,0,5,1.4,2,18.6,西北风,97.4,80.2
dongxiang,20160930,05:00,0,5,1,2,18.3,西北风,96.4,94.5
dongxiang,20160930,08:00,0,1,0.7,2,18.2,西北风,82,100
dongxiang,20160930,11:00,0.1,10,0.9,7,21.5,西北风,87,100
dongxiang,20160930,14:00,0.1,10,0.9,7,22.8,西北风,88.6,100
wannian,20160930,17:00,0,-999,2,2,25.5,西北风,77.8,80
wannian,20160930,20:00,0,10,2,2,23.8,东北风,93.9,93.6
wannian,20160930,23:00,0,-999,1.8,2,22.9,东北风,95.4,90.1
wannian,20160930,02:00,0,-999,1.2,2,22,东北风,97.8,80
wannian,20160930,05:00,0,-999,0.9,2,21.5,西北风,96.8,85.8
wannian,20160930,08:00,0,5,0.4,2,21.2,东北风,81.7,97.9
wannian,20160930,11:00,0.1,-999,1.3,3,24.5,西南风,76.7,99
wannian,20160930,14:00,0.1,10,1.1,3,26.8,西北风,80.1,98.3
jinxian,20160930,17:00,0,-999,2.1,2,21.4,东北风,77.9,86.3
jinxian,20160930,20:00,0,5,2.6,2,19.4,东北风,84.7,84.1
jinxian,20160930,23:00,0.2,-999,2,3,19.4,东北风,95.1,93.7
jinxian,20160930,02:00,0.1,-999,1.7,3,19.4,西北风,95.1,88.5
jinxian,20160930,05:00,0.7,-999,1.3,3,19.6,西北风,95.9,97.9
jinxian,20160930,08:00,1,1,1.1,3,19.3,西北风,96.8,99.6
jinxian,20160930,11:00,0,-999,0.8,2,22.2,西北风,87.2,98.5
jinxian,20160930,14:00,0,10,0.8,2,25.8,西北风,89,100
fuzhou,20160930,17:00,0.7,-999,1.8,7,26.8,东北风,83.5,96.5
fuzhou,20160930,20:00,0.3,-999,2.4,7,24.6,东北风,90.9,92.8
fuzhou,20160930,23:00,0,-999,1.8,2,23.6,东北风,93.3,91.5
fuzhou,20160930,02:00,0,-999,1.3,2,22.8,西北风,95.3,88.4
fuzhou,20160930,05:00,0,-999,0.9,2,22.2,西北风,97.2,97.7
fuzhou,20160930,08:00,0.1,-999,0.7,7,22.5,东北风,96.3,99.6
fuzhou,20160930,11:00,0.1,-999,0.7,7,24.3,西北风,86.2,99.8
fuzhou,20160930,14:00,0.1,-999,0.8,7,25.6,西北风,87.5,100
yujiang,20160930,17:00,0.7,-999,1.9,3,26.8,东北风,78.7,92.4
yujiang,20160930,20:00,0.6,1,2.1,3,23.6,东北风,94,94.5
yujiang,20160930,23:00,0,-999,1.8,2,22.5,东北风,94.8,89.7
yujiang,20160930,02:00,0,-999,1.2,1,20.8,西北风,99.2,72.7
yujiang,20160930,05:00,0,-999,0.8,2,20.6,西北风,99.2,90.9
yujiang,20160930,08:00,0.1,1,0.5,3,20.2,西北风,99.7,100
yujiang,20160930,11:00,0.2,-999,1.1,3,24.8,西南风,88.3,100
yujiang,20160930,14:00,0.2,1,1,3,27.5,西北风,90.1,99.8
xunwu,20160930,17:00,2.3,10,0.9,3,22,东南风,86.4,97.3
xunwu,20160930,20:00,2.3,10,1.3,3,20.3,东南风,90.4,90.6
xunwu,20160930,23:00,4.6,5,1.4,3,19.8,东南风,94.7,91.4
xunwu,20160930,02:00,1.4,10,1.1,3,19.5,东南风,97.6,89.3
xunwu,20160930,05:00,1.5,5,1.1,3,19.2,东南风,97.3,97.2
xunwu,20160930,08:00,2.3,10,1.2,3,19.8,东北风,93.6,98.6
xunwu,20160930,11:00,1.7,10,2.2,3,22.6,东南风,87.5,87.5
xunwu,20160930,14:00,3,10,2.9,3,23.8,东南风,91,97.8
ninggang,20160930,17:00,1.4,-999,0.7,3,19.8,西北风,86.3,100
ninggang,20160930,20:00,0.9,10,0.6,3,19.5,西北风,88.4,82.1
ninggang,20160930,23:00,0,-999,0.7,2,18.5,西北风,91.8,80
ninggang,20160930,02:00,0,-999,0.7,2,17.6,西北风,94.8,97.4
ninggang,20160930,05:00,0,-999,0.6,2,17.2,西北风,94.7,100
ninggang,20160930,08:00,0,5,0.4,2,18.1,西北风,92.9,96.8
ninggang,20160930,11:00,0,-999,0.4,2,21,西北风,77.6,99.8
ninggang,20160930,14:00,0,5,0.6,2,22.8,西北风,80.7,99
yugan,20160930,17:00,0,-999,2.2,2,24.9,东北风,80.1,80
yugan,20160930,20:00,0,10,2.4,2,24.3,东北风,91.2,85.8
yugan,20160930,23:00,0,-999,2,2,23.7,东北风,93.9,93.8
yugan,20160930,02:00,0,-999,1.6,2,23.7,西北风,95.4,81.1
yugan,20160930,05:00,0,-999,1.4,2,23.4,西北风,95.2,93.5
yugan,20160930,08:00,0,5,0.9,2,22.2,西北风,82.8,99.1
yugan,20160930,11:00,4.4,-999,1,3,23.6,西北风,79.5,98.1
yugan,20160930,14:00,6.4,10,1,3,26.8,西北风,81.7,100
duchang,20160930,17:00,0,-999,2.7,1,21.6,东北风,81.2,53.6
duchang,20160930,20:00,0.3,10,2.5,7,20.1,东北风,91.8,57.5
duchang,20160930,23:00,3.2,-999,2,8,19.8,东北风,93.2,90
duchang,20160930,02:00,0,-999,1.9,2,19,西北风,92.2,85.6
duchang,20160930,05:00,0,-999,1.8,2,18.2,西北风,91.7,97.8
duchang,20160930,08:00,2.2,5,1.5,7,20.5,西北风,91.7,99.2
duchang,20160930,11:00,2.2,-999,1.2,3,23.2,西北风,79.9,88.9
duchang,20160930,14:00,6.5,10,0.8,3,24.8,西北风,82.4,99.1
xingzi,20160930,17:00,0,-999,2.4,1,21.1,东北风,79.3,57.9
xingzi,20160930,20:00,0,10,2.3,1,20.3,东北风,88,53.6
xingzi,20160930,23:00,0.7,-999,1.9,7,19.9,东北风,88.7,86.6
xingzi,20160930,02:00,0,-999,1.8,2,19.1,西北风,87.4,86.4
xingzi,20160930,05:00,0.7,-999,1.6,7,18.2,西北风,87.3,98.9
xingzi,20160930,08:00,8,5,1.4,8,19.9,西北风,81.1,99.7
xingzi,20160930,11:00,12.2,-999,1.3,3,22.4,西北风,77.7,88.6
xingzi,20160930,14:00,7.3,5,0.8,3,23.8,西北风,79.6,94.9
pengze,20160930,17:00,0,-999,2.4,1,20.7,东北风,81.9,75.4
pengze,20160930,20:00,0,5,2.4,1,20,东北风,85.6,64
pengze,20160930,23:00,0.7,-999,2.2,7,19.4,东北风,91.2,85.9
pengze,20160930,02:00,2.4,-999,1.9,7,18.7,东北风,91.9,91.6
pengze,20160930,05:00,4,-999,1.8,8,18.2,东北风,93,98.1
pengze,20160930,08:00,2.4,1,1.3,7,19.6,东北风,92.3,99.2
pengze,20160930,11:00,10,-999,0.9,3,22.9,西北风,89.2,97
pengze,20160930,14:00,10,5,0.9,3,22.9,西北风,90.8,91
hukou,20160930,17:00,0,-999,2.2,1,21.3,东北风,77.6,68
hukou,20160930,20:00,0,5,2.2,1,20.1,东北风,95.6,59.5
hukou,20160930,23:00,0.1,-999,1.9,7,19.5,东北风,96.7,85.4
hukou,20160930,02:00,0,-999,1.7,2,18.9,东北风,96.1,89.9
hukou,20160930,05:00,2.1,-999,1.6,7,18.2,东北风,95.9,98.6
hukou,20160930,08:00,7.8,1,1.1,8,20.3,东北风,95.7,99.5
hukou,20160930,11:00,17.1,-999,1,3,22.5,西北风,85.7,93.2
hukou,20160930,14:00,9.5,10,0.7,3,23.8,西北风,87,90.2
boyang,20160930,17:00,0,5,2.4,2,24.5,东北风,78.5,80
boyang,20160930,20:00,0,5,2.4,2,24.2,东北风,83.3,80.8
boyang,20160930,23:00,0,10,2,2,24,东北风,90.2,94.1
boyang,20160930,02:00,0,5,1.7,2,23,东北风,90.5,84.5
boyang,20160930,05:00,0,5,1.6,2,22.2,西北风,92.6,94.1
boyang,20160930,08:00,0,5,1.1,2,23.5,西北风,93.6,98.5
boyang,20160930,11:00,2.9,5,1,3,22.9,西北风,86.3,96.7
boyang,20160930,14:00,5.9,5,1,3,26.8,西北风,88.4,99.9
yifeng,20160930,17:00,2.1,5,0.4,7,20.8,东北风,82.6,95.6
yifeng,20160930,20:00,4.2,5,0.6,8,18.2,西北风,87.4,97.9
yifeng,20160930,23:00,0.9,1,1.4,7,17.9,东北风,95.5,99.5
yifeng,20160930,02:00,1.4,5,1,7,17.8,东北风,96.5,100
yifeng,20160930,05:00,1.5,5,0.7,7,17.6,西北风,97.8,100
yifeng,20160930,08:00,0.4,1,0.7,7,17.2,东北风,96.7,99.3
yifeng,20160930,11:00,0.3,5,0.4,7,21.6,东北风,78.1,98.4
yifeng,20160930,14:00,0.6,1,0.4,7,23.8,东北风,80,100
zhangshu,20160930,17:00,0.4,1,1,7,20.2,东北风,76.7,98.5
zhangshu,20160930,20:00,0.6,5,1.8,7,19.7,东北风,80.8,91.7
zhangshu,20160930,23:00,0.3,5,1.7,7,19,东北风,86.7,97.5
zhangshu,20160930,02:00,0.6,5,1.5,7,18.2,东北风,91.9,100
zhangshu,20160930,05:00,1.2,5,1.1,7,18.2,西北风,92,100
zhangshu,20160930,08:00,0.3,1,0.8,7,18.4,东北风,90.3,98.3
zhangshu,20160930,11:00,0,5,0.5,2,20.2,东北风,85.3,99.1
zhangshu,20160930,14:00,0,10,0.6,2,24.8,东北风,86.8,100
taihe,20160930,17:00,0,-999,1.6,2,20.8,西北风,78,96.2
taihe,20160930,20:00,0,10,1.3,2,20,西北风,84.5,96.4
taihe,20160930,23:00,0,-999,1,2,19.4,西北风,85.4,96.7
taihe,20160930,02:00,0,-999,1.1,2,18.9,西北风,90.2,98.3
taihe,20160930,05:00,0,-999,0.9,2,18.7,西北风,90.5,98.9
taihe,20160930,08:00,0,5,0.7,2,18.7,东北风,90.6,98.9
taihe,20160930,11:00,0,-999,0.3,2,21.3,西北风,75.9,96.2
taihe,20160930,14:00,0,10,0.6,2,23.8,东南风,77.5,98.1
suichuan,20160930,17:00,0.7,10,1.3,3,19.8,西北风,87.9,98.7
suichuan,20160930,20:00,0.6,5,1,3,19.4,西北风,89.8,88.1
suichuan,20160930,23:00,0,1,0.8,2,18.8,西北风,93.1,80
suichuan,20160930,02:00,0,1,0.8,2,18.4,西北风,96.2,98.2
suichuan,20160930,05:00,0,10,0.7,2,18,西北风,97.8,100
suichuan,20160930,08:00,0,5,0.7,2,18,西北风,98,99.6
suichuan,20160930,11:00,0,5,0.6,2,20.1,西北风,81.3,98.7
suichuan,20160930,14:00,0,10,0.1,2,22.8,西北风,83.5,98.3
liantang,20160930,17:00,0,-999,2.2,2,20.8,东北风,75.4,80
liantang,20160930,20:00,0,5,2.7,2,19.6,东北风,81.4,80
liantang,20160930,23:00,0,-999,2,2,19.4,东北风,89.1,92.4
liantang,20160930,02:00,0.4,-999,1.9,3,18.2,西北风,91.3,92.2
liantang,20160930,05:00,2.5,-999,1.5,3,18.7,西北风,92.8,99.4
liantang,20160930,08:00,1.2,5,1.4,3,19.6,西北风,89.4,99.1
liantang,20160930,11:00,0,-999,1.1,2,22.2,西北风,82.5,94.7
liantang,20160930,14:00,0,10,0.9,2,25.8,东北风,84.5,100
jinggangshan,20160930,17:00,1.1,1,0.9,3,16.8,西北风,94.4,100
jinggangshan,20160930,20:00,0.8,0.2,0.7,3,16.7,西北风,96.3,85.2
jinggangshan,20160930,23:00,0,5,0.7,2,14.5,西北风,98.2,80
jinggangshan,20160930,02:00,0,0.5,0.8,2,14.2,西北风,98.6,97.8
jinggangshan,20160930,05:00,0,5,0.6,2,14.3,西北风,96.8,100
jinggangshan,20160930,08:00,0,0.5,0.5,2,15.1,西北风,96.8,98.1
jinggangshan,20160930,11:00,0,1,0.4,2,18.6,西北风,87,99.7
jinggangshan,20160930,14:00,0,10,0.4,2,18.8,西南风,89.5,98.8
wanan,20160930,17:00,0,5,1.5,2,19.8,西北风,86.8,98.8
wanan,20160930,20:00,0,1,1.1,2,18.5,西北风,89.7,91.2
wanan,20160930,23:00,0,1,1,2,17.9,西北风,94.4,80.5
wanan,20160930,02:00,0,1,1,2,17.3,西北风,97.8,98.5
wanan,20160930,05:00,0,1,0.8,2,17.2,西北风,97.6,100
wanan,20160930,08:00,0,5,0.8,2,18.4,西北风,97.6,99.8
wanan,20160930,11:00,0,5,0.6,2,20.9,西北风,79.3,98.6
wanan,20160930,14:00,0,10,0.2,2,22.8,西南风,81.5,97.9
anyi,20160930,17:00,0,-999,2.1,2,21.7,东北风,76.4,80
anyi,20160930,20:00,0,10,2.2,2,19.8,东北风,88.3,80
anyi,20160930,23:00,0.7,-999,1.8,3,18.5,东北风,89.4,92.4
anyi,20160930,02:00,3,-999,1.7,3,18.2,东北风,90.8,92.5
anyi,20160930,05:00,4.9,-999,1.4,3,18.7,西北风,89.6,100
anyi,20160930,08:00,1.5,1,1.4,3,18.9,西北风,88.1,99.3
anyi,20160930,11:00,0,-999,1.1,2,24,西北风,77.3,91.2
anyi,20160930,14:00,0,10,0.9,2,25.8,东北风,78.7,100
jingan,20160930,17:00,0.7,5,1.9,7,20.3,东北风,78.4,75.5
jingan,20160930,20:00,0.7,5,1.9,7,17.9,东北风,85.9,73.2
jingan,20160930,23:00,0.2,5,1.7,7,17.2,东北风,97.7,93.8
jingan,20160930,02:00,3.3,5,1.6,8,18,东北风,98.7,94.1
jingan,20160930,05:00,5,5,1.3,8,17.6,西北风,97.6,100
jingan,20160930,08:00,1.1,1,1.3,7,18.8,西北风,96,99.2
jingan,20160930,11:00,0,1,1,2,20.4,西北风,78.3,91.9
jingan,20160930,14:00,0.3,10,0.8,7,22.8,东北风,80.1,100
yongxin,20160930,17:00,1.4,-999,0.9,3,19.3,西北风,85.4,100
yongxin,20160930,20:00,1.3,10,1,3,18.5,西北风,89.9,87.2
yongxin,20160930,23:00,0,-999,0.9,2,17.8,西北风,91.7,80
yongxin,20160930,02:00,0,-999,1,2,17.5,西北风,94.7,98
yongxin,20160930,05:00,0,-999,0.7,2,16.2,西北风,95,100
yongxin,20160930,08:00,0,10,0.6,2,16.7,西北风,94.4,97.5
yongxin,20160930,11:00,0,-999,0.4,2,20.6,西北风,74.1,100
yongxin,20160930,14:00,0,10,0.5,2,22.8,西南风,76.1,97.9
jingdezhen,20160930,17:00,0.3,5,2.2,3,24.5,西北风,84.3,69.4
jingdezhen,20160930,20:00,0.2,5,2.3,3,22.3,东北风,97.4,85.8
jingdezhen,20160930,23:00,0.7,10,2.2,3,21.9,东北风,99.1,87.5
jingdezhen,20160930,02:00,0.4,5,1.7,3,21.7,东北风,98.8,86
jingdezhen,20160930,05:00,0.3,5,1.6,3,21.2,东北风,98.5,92.9
jingdezhen,20160930,08:00,0.1,5,0.8,3,21.5,东北风,87.3,97.5
jingdezhen,20160930,11:00,1.3,5,0.8,3,26.4,西南风,84,99.4
jingdezhen,20160930,14:00,2.1,10,1,3,26.8,西北风,87.1,99.7
xinjian,20160930,17:00,0,-999,2.3,2,21.8,东北风,75.3,80
xinjian,20160930,20:00,0,10,2.6,2,21.2,东北风,80.4,80
xinjian,20160930,23:00,0,-999,2,2,20.6,东北风,88,91.2
xinjian,20160930,02:00,0.5,-999,1.9,3,19.2,西北风,88.9,91.4
xinjian,20160930,05:00,3,-999,1.6,3,18.2,西北风,88.5,99.8
xinjian,20160930,08:00,1,5,1.5,3,20.6,西北风,87.5,99.3
xinjian,20160930,11:00,0,-999,1.2,2,24,西北风,79.9,92.2
xinjian,20160930,14:00,0,10,0.9,2,25.8,东北风,75.8,100
wuyuan,20160930,17:00,0,10,1.8,2,24.2,西北风,81,80
wuyuan,20160930,20:00,0,10,2.3,2,23,东北风,86.5,80
wuyuan,20160930,23:00,0,1,2.4,2,21.3,东北风,88.1,80
wuyuan,20160930,02:00,0,10,2,2,20.4,东北风,90.3,80
wuyuan,20160930,05:00,0,1,1.4,2,20.2,东北风,90.1,92.6
wuyuan,20160930,08:00,0,10,1.1,2,21.8,东南风,88.9,97.9
wuyuan,20160930,11:00,0,10,0.9,2,24.5,西南风,78.8,94.4
wuyuan,20160930,14:00,0,10,0.7,2,25.8,西南风,82.1,100
dandong,20160930,17:00,0,10,1.7,0,21.6,西南风,74.9,10
dandong,20160930,20:00,0,10,1.3,0,19.7,西北风,77.2,10
dandong,20160930,23:00,0,5,1.3,0,17.6,西北风,83.6,0
dandong,20160930,02:00,0,5,0.2,0,15.2,西北风,92.5,0
dandong,20160930,05:00,0,10,1.4,0,12.2,东南风,97.6,1.1
dandong,20160930,08:00,0,10,1.8,0,17.7,东南风,88.8,0
dandong,20160930,11:00,0,10,2.3,0,22.9,西南风,64.1,0
dandong,20160930,14:00,0,10,2.4,0,23.8,西南风,67.3,10
fengcheng,20160930,17:00,0,-999,1,0,21.8,西南风,63.2,10
fengcheng,20160930,20:00,0,10,0.8,0,16.9,西南风,79.8,2.1
fengcheng,20160930,23:00,0,-999,0.5,0,12.2,西北风,87.7,0
fengcheng,20160930,02:00,0,-999,0.3,0,11.3,西南风,91.8,0
fengcheng,20160930,05:00,0,-999,1,0,10.2,东南风,93.7,0.2
fengcheng,20160930,08:00,0,5,0.7,0,17.7,西南风,91.9,0
fengcheng,20160930,11:00,0,-999,1.9,0,22.3,西南风,64.9,1
fengcheng,20160930,14:00,0,5,2,0,23.8,西南风,67.8,0.9
kuandian,20160930,17:00,0,10,1.1,0,21.4,西北风,57.6,10
kuandian,20160930,20:00,0,10,0.5,0,12.6,东南风,77.9,0.8
kuandian,20160930,23:00,0,10,1,0,10.4,东南风,86.3,0
kuandian,20160930,02:00,0,10,1,0,8.2,东南风,95,0
kuandian,20160930,05:00,0,10,1.3,0,13.5,东南风,95.9,0
kuandian,20160930,08:00,0,5,0.9,0,13.9,西南风,82.3,0
kuandian,20160930,11:00,0,10,2,0,21.3,西南风,52.4,5.2
kuandian,20160930,14:00,0,10,2.3,0,22.8,西南风,53.4,0
dashiqiao,20160930,17:00,0,-999,2.1,0,22.3,西南风,68.1,0
dashiqiao,20160930,20:00,0,5,2.8,0,16.8,西南风,75.1,0.4
dashiqiao,20160930,23:00,0,-999,2.7,0,12.8,西南风,82.1,0
dashiqiao,20160930,02:00,0,-999,2.9,0,12.7,西南风,80.6,0
dashiqiao,20160930,05:00,0,-999,3.2,0,12.2,西南风,79,0.9
dashiqiao,20160930,08:00,0,5,2.8,0,20.4,西南风,74.1,10
dashiqiao,20160930,11:00,0,-999,3.8,0,23.6,西南风,61,2.7
dashiqiao,20160930,14:00,0,5,3.6,0,24.8,西南风,61.1,10
gaizhou,20160930,17:00,0,-999,2.8,0,23.9,西南风,60.6,2.7
gaizhou,20160930,20:00,0,5,3.2,0,19,西南风,80.7,0
gaizhou,20160930,23:00,0,-999,3.3,0,16.6,西南风,82.1,0
gaizhou,20160930,02:00,0,-999,3.7,0,14.2,西南风,76.9,0.4
gaizhou,20160930,05:00,0,-999,3.9,0,14.5,西南风,74.9,2.4
gaizhou,20160930,08:00,0,5,3.5,0,21.6,西南风,73,10
gaizhou,20160930,11:00,0,-999,4.5,0,25.4,西南风,53.8,7
gaizhou,20160930,14:00,0,5,4.3,0,25.8,西南风,58,10
lvshun,20160930,17:00,0,10,2.7,0,20.1,西南风,66.3,10
lvshun,20160930,20:00,0,10,2,0,18.6,西南风,69.9,10
lvshun,20160930,23:00,0,10,4.1,0,17.2,东南风,85.7,0
lvshun,20160930,02:00,0,10,4.6,0,17.6,西南风,86.4,0.1
lvshun,20160930,05:00,0,10,5.3,0,17.3,西南风,76.9,0
lvshun,20160930,08:00,0,10,5.4,0,20.1,西南风,64,10
lvshun,20160930,11:00,0,10,5.5,1,22.3,西南风,64.5,79.9
lvshun,20160930,14:00,0,10,4.5,1,22.8,西南风,64.5,73.2
panjin,20160930,17:00,0,5,3.8,0,22.2,西南风,73.1,1.3
panjin,20160930,20:00,0,5,4.5,0,19.9,西南风,81.3,2.5
panjin,20160930,23:00,0,10,4.7,0,17.6,西南风,91.1,0
panjin,20160930,02:00,0,1,5.2,0,15.3,西南风,93.8,0
panjin,20160930,05:00,0,5,5.3,0,15.2,西南风,93.1,0
panjin,20160930,08:00,0,5,5.2,0,20.6,西南风,87.3,10
panjin,20160930,11:00,0,5,6.7,0,21.9,西南风,67.6,0
panjin,20160930,14:00,0,5,6.6,0,23.8,西南风,70.3,10
dalian,20160930,17:00,0,10,2.2,0,20.7,西南风,58.9,10
dalian,20160930,20:00,0,10,1.4,0,18.9,西南风,65.8,10
dalian,20160930,23:00,0,10,3.3,0,17.6,西南风,79.2,0
dalian,20160930,02:00,0,10,3.8,0,17.2,西南风,83.9,0
dalian,20160930,05:00,0,10,4.7,0,17.4,西南风,81.4,0
dalian,20160930,08:00,0,5,4.9,0,19.3,西南风,80.5,10
dalian,20160930,11:00,0,10,5.2,1,21.5,西南风,55.8,79.9
dalian,20160930,14:00,0,10,4.5,1,22.8,西南风,59.9,76.5
haicheng,20160930,17:00,0,10,1.6,0,23.5,西南风,67.4,0
haicheng,20160930,20:00,0,10,2.3,0,17.6,西南风,87.7,1.7
haicheng,20160930,23:00,0,10,2.2,0,14.8,西南风,89,0
haicheng,20160930,02:00,0,5,2.4,0,14.4,西南风,84.3,0
haicheng,20160930,05:00,0,10,2.6,0,14.2,西南风,82.7,0
haicheng,20160930,08:00,0,5,2.4,0,18.7,西南风,81.2,10
haicheng,20160930,11:00,0,10,3.5,0,24.9,西南风,53.8,4.4
haicheng,20160930,14:00,0,10,3.4,0,25.8,西南风,55.6,10
panshan,20160930,17:00,0,1,3.9,0,21.4,西南风,68,4.6
panshan,20160930,20:00,0,5,4.5,0,18.6,西南风,87,4
panshan,20160930,23:00,0,1,4.6,0,16,西南风,90.2,0
panshan,20160930,02:00,0,10,5.1,0,13.3,西南风,92.3,0
panshan,20160930,05:00,0,1,5.2,0,13.2,西南风,90.1,0
panshan,20160930,08:00,0,1,5.2,0,19.5,西南风,84.6,10
panshan,20160930,11:00,0,5,6.9,0,22.1,西南风,65.3,0
panshan,20160930,14:00,0,5,6.9,0,23.8,西南风,66.1,10
anshan,20160930,17:00,0,5,1.7,0,23.8,西南风,61.6,0
anshan,20160930,20:00,0,5,2.4,0,19.5,西南风,75.8,2.2
anshan,20160930,23:00,0,5,2.3,0,18.4,西南风,77.5,0
anshan,20160930,02:00,0,10,2.5,0,17.6,西南风,75.1,0.1
anshan,20160930,05:00,0,5,2.7,0,17.2,西南风,74.1,0
anshan,20160930,08:00,0,5,2.8,0,20.6,西南风,55.4,9.5
anshan,20160930,11:00,0,5,3.9,0,25.2,西南风,46.8,10
anshan,20160930,14:00,0,10,3.9,0,25.8,西南风,47.6,10
liaozhong,20160930,17:00,0,-999,2.5,0,22.6,西南风,66.7,10
liaozhong,20160930,20:00,0,5,3.3,0,16.4,西南风,82.9,9.9
liaozhong,20160930,23:00,0,-999,3.4,0,14.5,西南风,87.2,0.7
liaozhong,20160930,02:00,0,-999,3.9,0,13.2,西南风,88.9,0
liaozhong,20160930,05:00,0,-999,4.1,0,15.1,西南风,89.8,0
liaozhong,20160930,08:00,0,5,4.5,0,17,西南风,81.3,10
liaozhong,20160930,11:00,0,-999,6.1,0,22.3,西南风,64.5,6.8
liaozhong,20160930,14:00,0,10,6.2,0,23.8,西南风,64.7,4.7
xinmin,20160930,17:00,0,10,3,0,21.2,东南风,70,10
xinmin,20160930,20:00,0,10,3.7,0,15.1,西南风,87.1,10
xinmin,20160930,23:00,0,10,3.9,0,13.2,西南风,90.9,10
xinmin,20160930,02:00,0,1,4.4,0,17.7,西南风,96.7,0
xinmin,20160930,05:00,0,5,4.7,0,17.7,西南风,97.8,9.5
xinmin,20160930,08:00,0,5,5.1,0,19.1,西南风,91.9,10
xinmin,20160930,11:00,0,5,6.4,0,21.1,西南风,61.8,8.8
xinmin,20160930,14:00,0,10,6.7,0,23.8,西南风,61.7,0
donggang,20160930,17:00,0,-999,1.7,0,20.6,西南风,70.5,10
donggang,20160930,20:00,0,10,1.5,0,20,西北风,71.9,10
donggang,20160930,23:00,0,-999,1.6,0,17.8,西北风,75.1,0
donggang,20160930,02:00,0,-999,0.5,0,16,西南风,83.9,0
donggang,20160930,05:00,0,-999,1.4,0,14.2,东南风,93,1.2
donggang,20160930,08:00,0,10,2.4,0,17.1,东南风,88.1,0
donggang,20160930,11:00,0,-999,2.7,0,21.5,西南风,70.8,0
donggang,20160930,14:00,0,10,2.7,0,22.8,西南风,75.7,10
beizhen,20160930,17:00,0,-999,4,0,22.5,西南风,55.8,10
beizhen,20160930,20:00,0,5,4.2,0,20.3,西南风,87.4,6.4
beizhen,20160930,23:00,0,-999,4,0,16,西南风,92.4,0
beizhen,20160930,02:00,0,-999,4.5,0,15,西南风,93.1,0
beizhen,20160930,05:00,0,-999,4.5,0,14.2,西南风,91.7,0
beizhen,20160930,08:00,0,5,4.8,0,17.8,西南风,84.6,10
beizhen,20160930,11:00,0,-999,6.6,0,22.4,西南风,63.5,0
beizhen,20160930,14:00,0,10,6.6,0,24.8,西南风,63.2,3.5
taian,20160930,17:00,0,-999,2.9,0,22.8,西南风,68.9,7.8
taian,20160930,20:00,0,10,3.5,0,20.1,西南风,88.4,7.4
taian,20160930,23:00,0,-999,3.6,0,14.9,西南风,93,0
taian,20160930,02:00,0,-999,4,0,14.2,西南风,93.2,0
taian,20160930,05:00,0,-999,4.2,0,14.4,西南风,94.5,0
taian,20160930,08:00,0,1,4.4,0,18.3,西南风,89.2,10
taian,20160930,11:00,0,-999,6.1,0,24.2,西南风,61.2,0.3
taian,20160930,14:00,0,10,6.1,0,25.8,西南风,62.1,10
jinzhou2,20160930,17:00,0,5,4.9,0,23,西南风,48.2,10
jinzhou2,20160930,20:00,0,5,5,0,20.6,西南风,71.2,1.2
jinzhou2,20160930,23:00,0,10,4.9,0,20.2,西南风,90.4,0.2
jinzhou2,20160930,02:00,0,5,5.5,0,15.6,西南风,90.3,0
jinzhou2,20160930,05:00,0,0.2,5.5,0,15.2,西南风,89.5,0
jinzhou2,20160930,08:00,0,5,5.6,0,21.4,西南风,82.5,10
jinzhou2,20160930,11:00,0,5,7,0,24.4,西南风,49.8,0
jinzhou2,20160930,14:00,0,10,7,0,26.8,西南风,50.2,10
yixian,20160930,17:00,0,5,4.1,0,22.7,西南风,49.5,10
yixian,20160930,20:00,0,5,4.1,0,18.7,西南风,88.7,2.9
yixian,20160930,23:00,0,5,3.7,0,13.5,西南风,93.7,0.1
yixian,20160930,02:00,0,0.2,4.3,0,12.7,西南风,90.4,0
yixian,20160930,05:00,0,5,4.3,0,12.2,西南风,88.2,0
yixian,20160930,08:00,0,1,4.6,0,19.9,西南风,80.9,10
yixian,20160930,11:00,0,5,5.9,0,24.1,西南风,52.3,0
yixian,20160930,14:00,0,5,5.9,0,26.8,西南风,51.5,6
xinbin,20160930,17:00,0,10,1.4,0,21.8,西南风,58.9,0
xinbin,20160930,20:00,0,5,2.4,0,7.6,西南风,81.3,0
xinbin,20160930,23:00,0,10,2,1,6,东南风,92.4,10.1
xinbin,20160930,02:00,0,5,2.2,1,5.2,东南风,96.9,10.1
xinbin,20160930,05:00,0,5,2.6,1,8.9,东南风,91.9,10.1
xinbin,20160930,08:00,0,5,2.9,1,12.4,西南风,66.8,10.1
xinbin,20160930,11:00,0,10,4.6,1,25.8,西南风,41,25
xinbin,20160930,14:00,0,10,4.7,1,25.7,西南风,44.1,10.1
zhaoyang,20160930,17:00,0,10,2.8,0,25.3,东南风,38.2,10
zhaoyang,20160930,20:00,0,10,2.9,0,18.8,西南风,72.8,0.9
zhaoyang,20160930,23:00,0,10,2.5,0,14.6,西南风,79,0.4
zhaoyang,20160930,02:00,0,10,3,0,13.2,西南风,75,0
zhaoyang,20160930,05:00,0,10,3.4,0,13.3,西南风,73.3,3.5
zhaoyang,20160930,08:00,0,5,3.7,0,17.8,西南风,70.1,2
zhaoyang,20160930,11:00,0,1,3.7,0,25.3,西南风,44.6,0.8
zhaoyang,20160930,14:00,0,10,3.6,0,27.8,西南风,41.9,5.2
fushun,20160930,17:00,0,10,1.7,0,20.9,西南风,66.7,0
fushun,20160930,20:00,0,10,3.2,0,9.6,东南风,88.7,10
fushun,20160930,23:00,0,1,3.1,1,9.2,西南风,90.3,19
fushun,20160930,02:00,0,10,3.4,1,8.2,西南风,98.7,10.1
fushun,20160930,05:00,0,10,3.9,1,11,西南风,83.9,10.1
fushun,20160930,08:00,0,10,4.8,1,13.7,西南风,67.6,21.6
fushun,20160930,11:00,0,10,5.4,1,23.7,西南风,48.2,38.4
fushun,20160930,14:00,0,10,5.7,1,25.8,西南风,49.5,10.1
benxixian,20160930,17:00,0,10,1,0,22.3,西南风,64,6.2
benxixian,20160930,20:00,0,10,2.2,0,13,东南风,80.8,0
benxixian,20160930,23:00,0,10,1.9,0,9.7,东南风,87.9,0
benxixian,20160930,02:00,0,10,2,0,9.3,东南风,80.2,0.1
benxixian,20160930,05:00,0,10,2.5,0,9.2,东南风,75.3,0
benxixian,20160930,08:00,0,10,2.8,0,16.7,西南风,63.6,0
benxixian,20160930,11:00,0,10,3.8,0,24.8,西南风,46.6,10
benxixian,20160930,14:00,0,10,4,0,25.8,西南风,49.4,0
changtu,20160930,17:00,0,10,2.8,0,20,西南风,75,0
changtu,20160930,20:00,0,5,3.4,0,13.6,西南风,74,10
changtu,20160930,23:00,0,10,3.7,0,13.5,西南风,75.2,10
changtu,20160930,02:00,0,5,4.3,0,13,西南风,76.3,0.1
changtu,20160930,05:00,0,10,4.7,0,12.2,西南风,81.4,10
changtu,20160930,08:00,0,10,5.6,0,15.7,西南风,74.5,10
changtu,20160930,11:00,0,5,5.9,0,22.3,西南风,55.3,10
changtu,20160930,14:00,0,10,6.4,0,23.8,西南风,56.2,1.7
kangping,20160930,17:00,0,-999,3.4,0,21.3,西南风,63.2,10
kangping,20160930,20:00,0,10,4,0,17,西南风,69.4,10
kangping,20160930,23:00,0,-999,4.2,0,15.1,西南风,75.9,10
kangping,20160930,02:00,0,-999,4.8,0,13.7,西南风,81.7,0
kangping,20160930,05:00,0,-999,5.3,0,13.2,西南风,86,10
kangping,20160930,08:00,0,1,5.7,0,14.8,西南风,89.8,10
kangping,20160930,11:00,0,-999,6,0,20.6,西南风,52.9,6.4
kangping,20160930,14:00,0,10,6.5,0,23.7,西南风,53.8,0.3
faku,20160930,17:00,0,10,3.1,0,21,西南风,62.9,10
faku,20160930,20:00,0,10,3.8,0,15.8,西南风,68.9,10
faku,20160930,23:00,0,1,4.1,0,13.8,西南风,74.9,10
faku,20160930,02:00,0,10,4.7,0,12.5,西南风,79.4,0
faku,20160930,05:00,0,5,5.1,0,12.2,西南风,78.7,10
faku,20160930,08:00,0,1,5.7,0,14.2,西南风,61.6,10
faku,20160930,11:00,0,5,6.1,0,21,西南风,58.2,10
faku,20160930,14:00,0,10,6.7,0,23.8,西南风,58.8,0
tieling,20160930,17:00,0,-999,2.4,0,21.8,西南风,70.8,0
tieling,20160930,20:00,0,10,3.5,0,15.5,东南风,74.2,10
tieling,20160930,23:00,0,-999,3.6,0,13.8,西南风,77.6,10
tieling,20160930,02:00,0,-999,4.2,0,12.7,西南风,81.4,0
tieling,20160930,05:00,0,-999,4.6,0,12.2,西南风,76.6,10
tieling,20160930,08:00,0,10,5.6,0,16.3,西南风,58.9,10
tieling,20160930,11:00,0,-999,5.8,0,22.8,西南风,51.7,10
tieling,20160930,14:00,0,10,6.4,0,24.8,西南风,52.2,0.9
pulandian,20160930,17:00,0,10,3,0,20.5,西南风,62,10
pulandian,20160930,20:00,0,10,2.3,0,15.5,西南风,85.3,2
pulandian,20160930,23:00,0,5,3.1,0,13.6,西南风,88.9,0
pulandian,20160930,02:00,0,5,3.8,0,12.7,西南风,89.8,0.6
pulandian,20160930,05:00,0,1,4.3,0,12.2,西南风,89.3,1.1
pulandian,20160930,08:00,0,1,4.2,0,15.9,西南风,83.7,8.3
pulandian,20160930,11:00,0,5,5.8,1,22,西南风,55.5,79.9
pulandian,20160930,14:00,0,10,5.9,1,22.8,西南风,60.3,79.9
jinzhou,20160930,17:00,0,-999,2.6,0,20.7,西南风,61.4,10
jinzhou,20160930,20:00,0,10,1.7,0,18.9,西南风,74,10
jinzhou,20160930,23:00,0,-999,3.3,0,18.3,西南风,75.7,0
jinzhou,20160930,02:00,0,-999,3.9,0,17.9,西南风,79.2,0
jinzhou,20160930,05:00,0,-999,4.6,0,17.2,西南风,79.3,0.1
jinzhou,20160930,08:00,0,10,4.7,0,20,西南风,75.5,10
jinzhou,20160930,11:00,0,-999,5.4,1,22.8,西南风,51.8,79.9
jinzhou,20160930,14:00,0,10,5,1,22.3,西南风,56.3,79.9
xiuyan,20160930,17:00,0,10,1.3,0,21.1,西南风,79.2,10
xiuyan,20160930,20:00,0,10,1.4,0,16.1,西南风,97.1,0.6
xiuyan,20160930,23:00,0,1,0.8,0,9.1,西南风,99.6,0
xiuyan,20160930,02:00,0,0.5,1,0,8.7,西南风,93.9,0
xiuyan,20160930,05:00,0,1,1.3,0,8.2,东南风,93.2,0.6
xiuyan,20160930,08:00,0,0.5,1.3,0,18.2,西南风,92.5,3.2
xiuyan,20160930,11:00,0,5,2.2,0,25.3,西南风,64.1,3.1
xiuyan,20160930,14:00,0,10,2,0,25.8,西南风,68.9,10
wafangdian,20160930,17:00,0,10,3.4,0,21,西南风,55.9,10
wafangdian,20160930,20:00,0,5,3,0,15.5,西南风,90.7,0
wafangdian,20160930,23:00,0,10,3.5,0,14.5,西南风,95.9,0
wafangdian,20160930,02:00,0,10,4.3,0,13.6,西南风,96.6,0.8
wafangdian,20160930,05:00,0,5,4.7,0,13.2,西南风,95.3,1.9
wafangdian,20160930,08:00,0,1,4.5,0,16.3,西南风,89.4,7
wafangdian,20160930,11:00,0,10,6,1,22.2,西南风,56.4,63
wafangdian,20160930,14:00,0,10,6.1,1,22.8,西南风,56.6,79.9
yingkou,20160930,17:00,0,10,3.6,0,21.7,西南风,66.2,0
yingkou,20160930,20:00,0,5,4.2,0,19.4,西南风,74.2,0.7
yingkou,20160930,23:00,0,5,4.4,0,17.8,西南风,84.9,0
yingkou,20160930,02:00,0,5,4.9,0,16.2,西南风,85.9,0
yingkou,20160930,05:00,0,5,5.1,0,16.4,西南风,89.6,1.3
yingkou,20160930,08:00,0,5,4.8,0,20.5,西南风,81.2,10
yingkou,20160930,11:00,0,5,6,0,22.2,西南风,63.8,0
yingkou,20160930,14:00,0,5,5.8,0,23.8,西南风,67.4,10
zhangwu,20160930,17:00,0,10,3.5,0,23,东南风,62.1,10
zhangwu,20160930,20:00,0,5,4.1,0,16.7,西南风,71.1,10
zhangwu,20160930,23:00,0,10,4.1,1,15.6,西南风,80.8,10.1
zhangwu,20160930,02:00,0,5,4.6,1,12.6,西南风,90.5,10.1
zhangwu,20160930,05:00,0,1,4.8,1,12.2,西南风,94.7,24.9
zhangwu,20160930,08:00,0,0.5,4.8,1,14.4,西南风,96.5,28.3
zhangwu,20160930,11:00,0,5,5.9,0,24.7,西南风,58.9,0.7
zhangwu,20160930,14:00,0,10,5.9,0,27.8,西南风,59.2,0.9
huanren,20160930,17:00,0,10,1.2,0,21.5,西北风,63.9,10
huanren,20160930,20:00,0,10,1.3,0,12.7,东南风,76.7,0
huanren,20160930,23:00,0,10,1.5,0,9.7,东南风,85.1,0
huanren,20160930,02:00,0,10,1.6,0,8.2,东南风,91.9,0
huanren,20160930,05:00,0,10,1.9,0,8.9,东南风,90.1,0
huanren,20160930,08:00,0,5,1.7,0,15.2,西南风,70.4,0
huanren,20160930,11:00,0,10,3.2,0,25.7,西南风,46.4,7.4
huanren,20160930,14:00,0,10,3.4,0,25.8,西南风,47,6.8
shenyang,20160930,17:00,0,10,2.1,0,22,西南风,66.4,5.1
shenyang,20160930,20:00,0,1,3.2,0,14.2,东南风,82,10
shenyang,20160930,23:00,0,10,3.4,0,12.2,西南风,85.6,10
shenyang,20160930,02:00,0,5,3.8,0,11.2,西南风,91.1,0
shenyang,20160930,05:00,0,5,4.2,0,14.1,西南风,76.2,2.6
shenyang,20160930,08:00,0,10,5.1,0,17.1,西南风,72.2,10
shenyang,20160930,11:00,0,10,5.7,0,22,西南风,48.7,10
shenyang,20160930,14:00,0,10,6,0,23.8,西南风,49.6,0.9
fuxin,20160930,17:00,0,5,3.7,0,22.8,西南风,46.1,10
fuxin,20160930,20:00,0,5,4,0,18.2,西南风,82.8,10
fuxin,20160930,23:00,0,10,3.7,1,14.8,西南风,90.3,10.1
fuxin,20160930,02:00,0,1,4,1,13.1,西南风,86.6,12
fuxin,20160930,05:00,0,1,4,1,12.2,西南风,84.6,14.2
fuxin,20160930,08:00,0,5,4.3,1,14.8,西南风,77.8,19.5
fuxin,20160930,11:00,0,5,5.3,0,25,西南风,50.2,0
fuxin,20160930,14:00,0,10,5.1,0,27.8,西南风,48.7,4.2
liaoyang,20160930,17:00,0,10,1.8,0,23.1,西南风,60.4,0
liaoyang,20160930,20:00,0,10,2.5,0,15.7,西南风,73.4,3.1
liaoyang,20160930,23:00,0,1,2.5,0,13.8,西南风,77.6,0
liaoyang,20160930,02:00,0,5,2.7,0,12.9,西南风,71.2,0.1
liaoyang,20160930,05:00,0,10,3,0,12.2,西南风,70.3,0
liaoyang,20160930,08:00,0,10,3.3,0,17.9,西南风,69.5,7.9
liaoyang,20160930,11:00,0,5,4.3,0,25.1,西南风,56.3,10
liaoyang,20160930,14:00,0,5,4.4,0,25.8,西南风,57.3,7.8
benxi,20160930,17:00,0,10,1.6,0,22.7,西南风,64.8,0
benxi,20160930,20:00,0,5,2.6,0,16,东南风,81.6,0.4
benxi,20160930,23:00,0,10,2.4,0,13.6,西南风,86.1,0.9
benxi,20160930,02:00,0,10,2.5,0,12.2,东南风,74.7,0
benxi,20160930,05:00,0,10,3,0,12.6,东南风,67.5,0
benxi,20160930,08:00,0,10,3.5,0,18.1,西南风,66.3,0
benxi,20160930,11:00,0,10,4.2,0,25,西南风,44.9,10
benxi,20160930,14:00,0,10,4.3,0,25.8,西南风,46.7,0
liaoyangxian,20160930,17:00,0,-999,1.8,0,22.9,西南风,63.8,0
liaoyangxian,20160930,20:00,0,5,2.5,0,17.8,西南风,75.4,3.2
liaoyangxian,20160930,23:00,0,-999,2.5,0,14.8,西南风,77.2,0
liaoyangxian,20160930,02:00,0,-999,2.7,0,13.9,西南风,75.5,0.1
liaoyangxian,20160930,05:00,0,-999,3,0,13.2,西南风,73.8,0
liaoyangxian,20160930,08:00,0,10,3.2,0,18.2,西南风,74.1,9.4
liaoyangxian,20160930,11:00,0,-999,4.3,0,25.2,西南风,46.8,10
liaoyangxian,20160930,14:00,0,10,4.4,0,25.8,西南风,48.1,10
beipiao,20160930,17:00,0,10,2.6,0,24.5,西南风,39.8,10
beipiao,20160930,20:00,0,10,3.3,0,18.3,西南风,59.7,2.4
beipiao,20160930,23:00,0,10,2.9,0,14.7,西南风,81,0
beipiao,20160930,02:00,0,1,3.4,0,13.2,西南风,86.1,10
beipiao,20160930,05:00,0,1,3.7,0,13.3,西南风,80.8,6.6
beipiao,20160930,08:00,0,5,4,0,17.3,西南风,80.6,7.4
beipiao,20160930,11:00,0,5,4.1,0,24.6,西南风,50.6,0
beipiao,20160930,14:00,0,10,3.9,0,26.8,西南风,49,0.8
dengta,20160930,17:00,0,10,2,0,22.8,西南风,65.5,1.2
dengta,20160930,20:00,0,5,2.8,0,14.7,西南风,76.8,5.1
dengta,20160930,23:00,0,10,2.8,0,12.8,西南风,80.1,1.5
dengta,20160930,02:00,0,10,3.1,0,11.3,西南风,75.4,0.1
dengta,20160930,05:00,0,1,3.5,0,11.2,西南风,70.7,0
dengta,20160930,08:00,0,10,4,0,17.8,西南风,69.4,7.7
dengta,20160930,11:00,0,10,4.9,0,25,西南风,52.1,10
dengta,20160930,14:00,0,10,5.1,0,25.8,西南风,53.5,2.6
huludao,20160930,17:00,0,10,5.2,0,21.9,西南风,57.3,5.4
huludao,20160930,20:00,0,1,5,0,18.9,西南风,75.8,0.3
huludao,20160930,23:00,0,10,5.1,1,18.1,西南风,91.2,10.1
huludao,20160930,02:00,0,1,5.7,1,16.2,西南风,90,10.1
huludao,20160930,05:00,0,1,5.6,1,14.2,西南风,87.5,10.1
huludao,20160930,08:00,0,5,5.3,1,20.3,西南风,85,10.1
huludao,20160930,11:00,0,10,7,1,23.4,西南风,54.6,10.1
huludao,20160930,14:00,0,10,7,1,24.8,西南风,54.7,75.1
lingyuan,20160930,17:00,0,5,3.2,0,24.4,西南风,43.5,7.1
lingyuan,20160930,20:00,0,10,3.6,0,15.3,西南风,63.8,0.4
lingyuan,20160930,23:00,0,5,3.6,0,12.2,西南风,69.3,0
lingyuan,20160930,02:00,0,1,4.3,0,12.3,西南风,66.7,0
lingyuan,20160930,05:00,0,5,4.5,0,13.3,西南风,64.2,10
lingyuan,20160930,08:00,0,10,3.7,0,14.3,西南风,65.8,0
lingyuan,20160930,11:00,0,5,4.5,0,24.4,西南风,38.6,10
lingyuan,20160930,14:00,0,10,4.4,0,26.8,西南风,37.5,10
jianping,20160930,17:00,0,10,3,0,24.6,西南风,42.1,10
jianping,20160930,20:00,0,10,3.3,0,13.6,西南风,76.1,0.4
jianping,20160930,23:00,0,10,3.3,0,12.2,西南风,77.2,0
jianping,20160930,02:00,0,1,3.9,0,17.1,西南风,72.2,0
jianping,20160930,05:00,0,1,4.4,0,17.1,西南风,71.7,10
jianping,20160930,08:00,0,10,3.8,0,20.8,西南风,71.3,0
jianping,20160930,11:00,0,5,4.1,0,24.7,西南风,40.6,10
jianping,20160930,14:00,0,10,4,0,26.8,西南风,37.8,10
jianchang,20160930,17:00,0,5,3.5,0,23.6,西南风,40.6,5.4
jianchang,20160930,20:00,0,5,3.2,0,14.5,西南风,85.1,0.2
jianchang,20160930,23:00,0,5,3,1,12.2,西南风,89,10.1
jianchang,20160930,02:00,0,5,3.5,1,14.4,西南风,85.6,10.1
jianchang,20160930,05:00,0,5,3.4,1,16.6,西南风,84.5,10.1
jianchang,20160930,08:00,0,1,3,1,20.4,西南风,83.4,10.1
jianchang,20160930,11:00,0,5,4.4,1,23.2,西南风,46.8,48.8
jianchang,20160930,14:00,0,5,4.3,1,24.8,西南风,46.4,79.9
linghai,20160930,17:00,0,10,4.7,0,22.2,西南风,56.2,10
linghai,20160930,20:00,0,5,4.9,0,19.3,西南风,82.4,2.4
linghai,20160930,23:00,0,10,4.8,0,17.1,西南风,84.5,0.1
linghai,20160930,02:00,0,10,5.4,0,14.6,西南风,82.9,0
linghai,20160930,05:00,0,1,5.4,0,14.2,西南风,80.8,0
linghai,20160930,08:00,0,5,5.6,0,20.8,西南风,78.7,10
linghai,20160930,11:00,0,10,7.1,0,23.9,西南风,64.5,0
linghai,20160930,14:00,0,5,7.1,0,25.8,西南风,64.9,10
kazuo,20160930,17:00,0,-999,3.2,0,24.5,西南风,47,9.2
kazuo,20160930,20:00,0,10,3.2,0,17.4,西南风,72.2,0.3
kazuo,20160930,23:00,0,-999,3.1,0,14.6,西南风,75.4,0
kazuo,20160930,02:00,0,-999,3.7,0,12.4,西南风,74,0
kazuo,20160930,05:00,0,-999,3.8,0,12.2,西南风,72.6,10
kazuo,20160930,08:00,0,10,3.3,0,14.3,西南风,74.7,0
kazuo,20160930,11:00,0,-999,4.2,0,25.8,西南风,39.2,10
kazuo,20160930,14:00,0,10,4.1,0,27.8,西南风,37.5,10
zhuanghe,20160930,17:00,0,5,1.9,0,20.9,西南风,68.1,10
zhuanghe,20160930,20:00,0,5,1.9,0,14.5,西南风,89.9,5.3
zhuanghe,20160930,23:00,0,5,1.1,0,13.5,西南风,93.4,0
zhuanghe,20160930,02:00,0,5,2,0,12.4,西南风,95.2,0
zhuanghe,20160930,05:00,0,5,2.2,0,12.2,西南风,95.2,1.1
zhuanghe,20160930,08:00,0,1,2.9,0,17.2,西南风,87.9,8.4
zhuanghe,20160930,11:00,0,5,3.9,1,22.1,西南风,70.6,18.5
zhuanghe,20160930,14:00,0,1,4.1,1,22.8,西南风,72.2,79.9
xifeng,20160930,17:00,0,10,2.3,0,18.6,西南风,70.7,0
xifeng,20160930,20:00,0,10,2.9,0,8.1,西南风,75.5,7.4
xifeng,20160930,23:00,0,5,3,0,6.2,西南风,80.3,10
xifeng,20160930,02:00,0,10,3.3,0,10.2,西南风,88.6,0
xifeng,20160930,05:00,0,5,3.7,0,14.2,西南风,87.3,4.8
xifeng,20160930,08:00,0,10,4.6,0,19.7,西南风,61.2,10
xifeng,20160930,11:00,0,5,5.6,0,23.8,西南风,54.6,10
xifeng,20160930,14:00,0,10,5.6,0,23.8,西南风,55.2,3.5
kaiyuan,20160930,17:00,0,10,2.5,0,20.9,西南风,67.2,0
kaiyuan,20160930,20:00,0,5,3.4,0,12.2,西南风,72.2,10
kaiyuan,20160930,23:00,0,10,3.6,0,11.3,西南风,77.2,10
kaiyuan,20160930,02:00,0,10,4.1,0,9.9,西南风,83.7,0
kaiyuan,20160930,05:00,0,10,4.6,0,9.2,西南风,79.7,10
kaiyuan,20160930,08:00,0,10,5.5,0,14.5,西南风,71.9,10
kaiyuan,20160930,11:00,0,5,5.9,0,22.6,西南风,54.5,10
kaiyuan,20160930,14:00,0,5,6.4,0,24.8,西南风,55.8,1.3
suizhong,20160930,17:00,0,10,4.9,0,23,西南风,46.3,0
suizhong,20160930,20:00,0,10,4,0,19.3,西南风,69.5,0
suizhong,20160930,23:00,0,10,4.2,1,18,西南风,93.6,10.1
suizhong,20160930,02:00,0,5,4.5,1,13.8,西南风,88.7,10.1
suizhong,20160930,05:00,0,5,4.3,1,13.2,西南风,87.5,10.1
suizhong,20160930,08:00,0,10,3.7,1,19.6,西南风,86.2,10.1
suizhong,20160930,11:00,0,10,5.5,1,24.1,西南风,51,26.1
suizhong,20160930,14:00,0,10,5.5,1,24.8,西南风,51.8,79.9
qingyuan,20160930,17:00,0,10,1.5,0,20.9,西南风,62,0
qingyuan,20160930,20:00,0,5,2.7,0,8.7,西南风,72.5,0.4
qingyuan,20160930,23:00,0,10,2.3,1,7.1,西南风,83.3,10.1
qingyuan,20160930,02:00,0,1,2.6,1,6.2,西南风,96.3,10.1
qingyuan,20160930,05:00,0,5,3,1,9.1,西南风,93.1,10.1
qingyuan,20160930,08:00,0,10,3.5,1,12.1,西南风,69.2,15.8
qingyuan,20160930,11:00,0,10,5,1,24.9,西南风,42.1,36
qingyuan,20160930,14:00,0,10,5,1,25.8,西南风,44.1,10.1
xingcheng,20160930,17:00,0,10,5.3,0,22.7,西南风,61.6,1.7
xingcheng,20160930,20:00,0,10,4.9,0,19,西南风,73,0.1
xingcheng,20160930,23:00,0,10,5.1,1,18,西南风,91.9,10.1
xingcheng,20160930,02:00,0,1,5.7,1,15.4,西南风,91.1,10.1
xingcheng,20160930,05:00,0,0.5,5.5,1,13.2,西南风,89.1,10.1
xingcheng,20160930,08:00,0,5,5,1,20.5,西南风,87.1,10.1
xingcheng,20160930,11:00,0,10,6.9,1,23.4,西南风,53.1,11.3
xingcheng,20160930,14:00,0,10,6.8,1,24.8,西南风,53.5,79.9
heishan,20160930,17:00,0,5,3.6,0,22.4,西南风,63.1,10
heishan,20160930,20:00,0,5,4,0,17.9,西南风,87.7,10
heishan,20160930,23:00,0,5,3.9,0,15.3,西南风,90.3,0
heishan,20160930,02:00,0,1,4.3,0,14,西南风,94.1,0.7
heishan,20160930,05:00,0,1,4.4,0,13.2,西南风,94.2,1.7
heishan,20160930,08:00,0,1,4.7,0,16.1,西南风,84.8,10
heishan,20160930,11:00,0,5,6.6,0,23.1,西南风,63.1,0
heishan,20160930,14:00,0,10,6.6,0,25.8,西南风,62.7,0
changhai,20160930,17:00,0,10,2.3,0,17.6,东南风,75.5,10
changhai,20160930,20:00,0,10,2,0,17.3,西南风,86.3,10
changhai,20160930,23:00,0,10,1.9,0,17.2,西南风,87.9,0
changhai,20160930,02:00,0,10,2.6,0,18.9,西南风,87.2,0
changhai,20160930,05:00,0,10,3.2,0,18.1,西南风,84.9,1.2
changhai,20160930,08:00,0,10,3.8,0,22.8,西南风,82.6,10
changhai,20160930,11:00,0,10,5.3,1,22.8,西南风,73.7,54.9
changhai,20160930,14:00,0,10,5.8,1,21.4,西南风,78.2,79.9
